;Exported by: ??????
;Date:        Sun Jan 27 18:15:09 2019
;File:        G:\?????? ???\???? 2018 ?? ?????\????\???? ??????\all_yral_UZM.max
{Skeleton
	{animation
		{sequence "doorleft" {speed 0.2}}
		{sequence "doorright" {speed 0.2}}
		{sequence "open_hood" {speed 0.1}}
		{sequence "stop" {speed 1}}
		{sequence "start" {speed 1}}
	}
	{bone "basis"
		{parameters "Wheelradius=0.6;SteerMax=30;"}
		{Orientation
			1	0	0
			0	-1	0
			0	0	1
		}
		{bone "pivot_front"
			{Position 39.3582	0	12.0153}
			{bone prizmatic "suspension_l1"
				{Matrix34
					0	-1	0
					1	0	0
					0	0	1
					-0.0296936	-11.6723	-0.0156403
				}
				{bone revolute "steerr"
					{Matrix34
						0	1	0
						1	0	0
						0	0	-1
						4.27257	0.0297279	0.0156441
					}
					{VolumeView "steerr.ply"}
					{bone revolute "wheelright1"
						{parameters "ID=wheelright1;"}
						{Matrix34
							1	0	0
							0	0	1
							0	-1	0
							0.00386047	3.63638	0.000728607
						}
						{VolumeView "wheelright1.ply"}
						{bone "diskr2"
							{parameters "ID=body;"}
							{Matrix34
								1	0	0
								0	0	1
								0	-1	0
								-0.0329285	0.0113249	-4.15579
							}
							{VolumeView "diskr2.ply"}
						}
					}
					{bone "fxtracer1"
						{parameters "Group=driver;"}
						{Matrix34
							1	0	0
							0	1	0
							0	0	1
							0	4.2863	12.0154
						}
					}
				}
			}
			{bone prizmatic "suspension_r1"
				{Matrix34
					0	-1	0
					1	0	0
					0	0	1
					-0.0296936	11.3058	-0.0156403
				}
				{bone revolute "steerl"
					{Matrix34
						0	1	0
						1	0	0
						0	0	-1
						-4.63908	0.0297012	0.0156403
					}
					{VolumeView "steerl.ply"}
					{bone revolute "wheelleft1"
						{parameters "ID=wheelleft1;"}
						{Matrix34
							1	0	0
							0	0	1
							0	-1	0
							0.00294495	-3.63639	0.000699043
						}
						{VolumeView "wheelleft1.ply"}
						{bone "diskl2"
							{parameters "ID=body;"}
							{Matrix34
								1	0	0
								0	0	-1
								0	-1	0
								-0.0320969	0.011343	4.15597
							}
							{VolumeView "diskl2.ply"}
						}
					}
					{bone "fxtracel1"
						{parameters "Group=driver;"}
						{Matrix34
							1	0	0
							0	1	0
							0	0	1
							-0.000137329	-3.4033	12.0153
						}
					}
				}
			}
			{bone prizmatic "suspension_r2"
				{Matrix34
					0	-1	0
					1	0	0
					0	0	1
					-69.0317	11.3058	-0.0156403
				}
				{bone revolute "wheelleft2"
					{parameters "ID=wheelleft2;"}
					{Matrix34
						0	1	0
						0	0	-1
						-1	0	0
						-8.48204	-0.165998	0.0149021
					}
					{VolumeView "wheelleft2.ply"}
					{bone "diskl4"
						{parameters "ID=body;"}
						{Matrix34
							1	0	0
							0	0	1
							0	-1	0
							-0.0121231	0.0320301	3.94934
						}
						{VolumeView "diskl4.ply"}
					}
				}
				{bone "fxtracel2"
					{parameters "Group=driver;"}
					{Matrix34
						0	1	0
						1	0	0
						0	0	-1
						-8.04242	-0.169193	-11.9997
					}
				}
			}
			{bone prizmatic "suspension_l2"
				{Matrix34
					0	-1	0
					1	0	0
					0	0	1
					-69.0317	-11.6723	-0.0156403
				}
				{bone revolute "wheelright2"
					{parameters "ID=wheelright2;"}
					{Matrix34
						0	1	0
						0	0	-1
						-1	0	0
						8.11563	-0.165321	0.0149345
					}
					{VolumeView "wheelright2.ply"}
					{bone "diskr4"
						{parameters "ID=body;"}
						{Matrix34
							1	0	0
							0	0	1
							0	-1	0
							-0.0125923	0.0326233	-3.94918
						}
						{VolumeView "diskr4.ply"}
					}
				}
				{bone "fxtracer2"
					{parameters "Group=driver;"}
					{Matrix34
						0	1	0
						1	0	0
						0	0	-1
						8.55875	-0.169189	-11.9997
					}
				}
			}
			{bone prizmatic "suspension_r3"
				{Matrix34
					0	-1	0
					1	0	0
					0	0	1
					-97.2297	11.3058	-0.0156403
				}
				{bone revolute "wheelleft3"
					{parameters "ID=wheelleft3;"}
					{Matrix34
						0	1	0
						0	0	-1
						-1	0	0
						-8.48203	0.229366	0.0149002
					}
					{VolumeView "wheelleft3.ply"}
					{bone "diskl6"
						{parameters "ID=body;"}
						{Matrix34
							1	0	0
							0	0	1
							0	-1	0
							-0.0294876	-0.0175648	3.94938
						}
						{VolumeView "diskl6.ply"}
					}
				}
				{bone "fxtracel3"
					{parameters "Group=driver;"}
					{Matrix34
						0	1	0
						1	0	0
						0	0	-1
						-8.04242	0.226177	-11.9997
					}
				}
			}
			{bone prizmatic "suspension_l3"
				{Matrix34
					0	-1	0
					1	0	0
					0	0	1
					-97.2297	-11.6723	-0.0156403
				}
				{bone revolute "wheelright3"
					{parameters "ID=wheelright3;"}
					{Matrix34
						0	1	0
						0	0	-1
						-1	0	0
						8.11561	0.23008	0.0149231
					}
					{VolumeView "wheelright3.ply"}
					{bone "diskr6"
						{parameters "ID=body;"}
						{Matrix34
							1	0	0
							0	0	1
							0	-1	0
							-0.0298996	-0.0180225	-3.94923
						}
						{VolumeView "diskr6.ply"}
					}
				}
				{bone "fxtracer3"
					{parameters "Group=driver;"}
					{Matrix34
						0	1	0
						1	0	0
						0	0	-1
						8.55876	0.226196	-11.9997
					}
				}
			}
		}
		{bone "pivot_back"
			{Position -43.7402	0	12.0153}
			{bone "spring_r"
				{Position 0	-10.8268	0}
			}
			{bone "spring_l"
				{Position 0	10.8268	0}
			}
		}
		{bone "body"
			{parameters "ID=body;"}
			{Position -8.88843	0	30.8007}
			{VolumeView "body.ply"}
			{bone "door_r1"
				{parameters "ID=body;"}
				{Position 35.7388	-18.8289	5.97568}
				{VolumeView "door_r1.ply"}
				{bone "glass_r1"
					{parameters "ID=glass_R1;"}
					{Position -8.37027	0.628916	8.11537}
					{VolumeView "glass_r1.ply"}
				}
				{bone "tactical_sign1"
					{Matrix34
						1	0	0
						0	0	1
						0	-1	0
						-8.72762	-1.75823	-7.33842
					}
					{VolumeView "tactical_sign1.ply"}
				}
			}
			{bone "door_l1"
				{parameters "ID=body;"}
				{Position 35.8372	18.8511	5.9485}
				{VolumeView "door_l1.ply"}
				{bone "glass_l1"
					{parameters "ID=glass_R2;"}
					{Matrix34
						1	0	0
						0	-1	0
						0	0	1
						-8.46882	-0.628918	8.11538
					}
					{VolumeView "glass_l1.ply"}
				}
				{bone "tactical_sign2"
					{Matrix34
						-1	0	0
						0	0	1
						0	1	0
						-8.82605	1.7555	-7.31125
					}
					{VolumeView "tactical_sign2.ply"}
				}
			}
			{bone "glass_f1"
				{parameters "ID=glass_F1;"}
				{Position 36.6782	-8.85487	14.5408}
				{VolumeView "glass_f1.ply"}
			}
			{bone "glass_f3"
				{parameters "ID=glass_F3;"}
				{Position 16.8932	0.00619125	13.7643}
				{VolumeView "glass_f3.ply"}
			}
			{bone "glass_f2"
				{parameters "ID=glass_F2;"}
				{Position 36.6935	8.87287	14.5619}
				{VolumeView "glass_f2.ply"}
			}
			{bone "commander"
				{Position 26.605	0	-7.92088}
			}
			{bone "driver"
				{Position 26.605	9.84252	-7.96602}
			}
			{bone "fxlight"
				{Matrix34
					1	-0.000426769	0
					0.000426769	1	0.000274452
					0	-0.000274452	1
					72.3531	0.00898361	-1.58545
				}
			}
			{bone "fxsmoke1"
				{parameters "Group=driver;"}
				{Matrix34
					-0.00294892	-0.999996	-0.000274309
					0.999996	-0.00294892	-1.04904e-05
					0	-0.000274338	1
					5.79806	-19.4303	-12.5525
				}
			}
			{bone "headlightl"
				{parameters "Group=driver;"}
				{Matrix34
					1	-0.000426769	0
					0.000426769	1	0.000274452
					0	-0.000274452	1
					68.7167	14.9791	-4.79662
				}
			}
			{bone "headlightr"
				{parameters "Group=driver;"}
				{Matrix34
					1	-0.000426769	0
					0.000426769	1	0.000274452
					0	-0.000274452	1
					68.7167	-14.017	-4.79662
				}
			}
			{bone "visor"
				{parameters "Group=driver;"}
				{Matrix34
					1	-0.000426769	0
					0.000426769	1	0.000274452
					0	-0.000274452	1
					41.7752	9.30474	14.562
				}
			}
			{bone "seat01"
				{Matrix34
					1	-0.000426769	0
					0.000426769	1	0.000274452
					0	-0.000274452	1
					26.605	-9.84252	-7.90917
				}
			}
			{bone "detail_spare"
				{Matrix34
					1	0	0
					0	0	1
					0	-1	0
					16.057	-11.4778	4.76753
				}
				{bone "detail_sparewheel"
					{parameters "ID=kuzovumz;"}
					{Matrix34
						1	0	0
						0	0	-1
						0	1	0
						-6.27691	-0.204681	-0.00332642
					}
					{VolumeView "detail_sparewheel.ply"}
				}
			}
			{bone "kuzov_ural_helper"
				{Position 8.88843	0	-30.8007}
				{bone "kuzov"
					{parameters "ID=kuzovumz;"}
					{Position -38.682	2.28882e-05	31.5718}
					{VolumeView "kuzov.ply"}
					{bone "fxstop1"
						{parameters "Group=driver;"}
						{Matrix34
							-1	0.000428764	0
							-0.000428764	-1	-0.000274658
							0	-0.000274658	1
							-44.4753	-19.6913	-4.23886
						}
					}
					{bone "fxstop2"
						{parameters "Group=driver;"}
						{Matrix34
							-1	0.000428764	0
							-0.000428764	-1	-0.000274658
							0	-0.000274658	1
							-44.4753	19.6788	-4.23886
						}
					}
				}
			}
			{bone "uzm_helper"
				{Position 8.88843	0	-30.8007}
				{bone "body_umz1"
					{Position -67.6168	13.2928	30.9165}
					{VolumeView "body_umz1.ply"}
					{bone revolute "turret_umz"
						{limits -80 30}
						{speed 0.01}
						{Matrix34
							0.866025	-0.5	0
							0.5	0.866025	0
							0	0	1
							0.306793	-0.0465965	13.6321
						}
						{VolumeView "turret_umz.ply"}
						{bone "shooter01_1"
							{Matrix34
								-0.736861	0	0.676044
								-0.676044	0	-0.736861
								0	-1	0
								-9.26299	-5.16037	-0.613876
							}
						}
						{bone "shooter02_1"
							{Matrix34
								-0.736861	0	0.676044
								-0.676044	0	-0.736861
								0	-1	0
								-9.26293	-1.68607	-0.613884
							}
						}
						{bone "shooter03_1"
							{Matrix34
								-0.736861	0	0.676044
								-0.676044	0	-0.736861
								0	-1	0
								-9.26297	1.80704	-0.613884
							}
						}
						{bone "shooter04_1"
							{Matrix34
								-0.736861	0	0.676044
								-0.676044	0	-0.736861
								0	-1	0
								-9.26297	5.2789	-0.613884
							}
						}
						{bone "shooter05_1"
							{Matrix34
								-0.736861	0	0.676044
								-0.676044	0	-0.736861
								0	-1	0
								-7.31343	7.02377	1.5225
							}
						}
						{bone "shooter06_1"
							{Matrix34
								-0.736861	0	0.676044
								-0.676044	0	-0.736861
								0	-1	0
								-7.31345	3.53555	1.52251
							}
						}
						{bone "shooter07_1"
							{Matrix34
								-0.736861	0	0.676044
								-0.676044	0	-0.736861
								0	-1	0
								-7.31345	0.0497131	1.52251
							}
						}
						{bone "shooter08_1"
							{Matrix34
								-0.736861	0	0.676044
								-0.676044	0	-0.736861
								0	-1	0
								-7.31344	-3.43784	1.52251
							}
						}
						{bone "shooter09_1"
							{Matrix34
								-0.736861	0	0.676044
								-0.676044	0	-0.736861
								0	-1	0
								-7.31344	-6.90097	1.52251
							}
						}
						{bone "shooter10_1"
							{Matrix34
								-0.736861	0	0.676044
								-0.676044	0	-0.736861
								0	-1	0
								-5.36111	-8.68893	3.66644
							}
						}
						{bone "shooter11_1"
							{Matrix34
								-0.736861	0	0.676044
								-0.676044	0	-0.736861
								0	-1	0
								-5.3611	-5.19693	3.66644
							}
						}
						{bone "shooter12_1"
							{Matrix34
								-0.736861	0	0.676044
								-0.676044	0	-0.736861
								0	-1	0
								-5.36105	-1.70926	3.66644
							}
						}
						{bone "shooter13_1"
							{Matrix34
								-0.736861	0	0.676044
								-0.676044	0	-0.736861
								0	-1	0
								-5.3611	1.75943	3.66644
							}
						}
						{bone "shooter14_1"
							{Matrix34
								-0.736861	0	0.676044
								-0.676044	0	-0.736861
								0	-1	0
								-5.36108	5.24887	3.66643
							}
						}
						{bone "shooter15_1"
							{Matrix34
								-0.736861	0	0.676044
								-0.676044	0	-0.736861
								0	-1	0
								-5.36107	8.715	3.66643
							}
						}
						{bone "shooter16_1"
							{Matrix34
								-0.736861	0	0.676044
								-0.676044	0	-0.736861
								0	-1	0
								-2.95748	8.715	6.24107
							}
						}
						{bone "shooter17_1"
							{Matrix34
								-0.736861	0	0.676044
								-0.676044	0	-0.736861
								0	-1	0
								-2.9575	5.25803	6.24108
							}
						}
						{bone "shooter18_1"
							{Matrix34
								-0.736861	0	0.676044
								-0.676044	0	-0.736861
								0	-1	0
								-2.9575	1.76944	6.24109
							}
						}
						{bone "shooter19_1"
							{Matrix34
								-0.736861	0	0.676044
								-0.676044	0	-0.736861
								0	-1	0
								-2.95748	-1.71536	6.24109
							}
						}
						{bone "shooter20_1"
							{Matrix34
								-0.736861	0	0.676044
								-0.676044	0	-0.736861
								0	-1	0
								-2.95751	-5.20041	6.2411
							}
						}
						{bone "shooter21_1"
							{Matrix34
								-0.736861	0	0.676044
								-0.676044	0	-0.736861
								0	-1	0
								-2.9575	-8.6882	6.2411
							}
						}
						{bone "shooter22_1"
							{Matrix34
								-0.736861	0	0.676044
								-0.676044	0	-0.736861
								0	-1	0
								-0.924736	-6.96921	8.40138
							}
						}
						{bone "shooter23_1"
							{Matrix34
								-0.736861	0	0.676044
								-0.676044	0	-0.736861
								0	-1	0
								-0.924706	-3.50449	8.40137
							}
						}
						{bone "shooter24_1"
							{Matrix34
								-0.736861	0	0.676044
								-0.676044	0	-0.736861
								0	-1	0
								-0.924698	-0.033783	8.40137
							}
						}
						{bone "shooter25_1"
							{Matrix34
								-0.736861	0	0.676044
								-0.676044	0	-0.736861
								0	-1	0
								-0.924713	3.45804	8.40137
							}
						}
						{bone "shooter26_1"
							{Matrix34
								-0.736861	0	0.676044
								-0.676044	0	-0.736861
								0	-1	0
								-0.924698	6.95016	8.40137
							}
						}
						{bone "shooter27_1"
							{Matrix34
								-0.736861	0	0.676044
								-0.676044	0	-0.736861
								0	-1	0
								1.09626	5.17081	10.5816
							}
						}
						{bone "shooter28_1"
							{Matrix34
								-0.736861	0	0.676044
								-0.676044	0	-0.736861
								0	-1	0
								1.09627	1.70169	10.5816
							}
						}
						{bone "shooter29_1"
							{Matrix34
								-0.736861	0	0.676044
								-0.676044	0	-0.736861
								0	-1	0
								1.09629	-1.77328	10.5816
							}
						}
						{bone "shooter30_1"
							{Matrix34
								-0.736861	0	0.676044
								-0.676044	0	-0.736861
								0	-1	0
								1.09626	-5.26035	10.5816
							}
						}
						{bone "foresight1"
							{Matrix34
								-0.736861	0	0.676044
								-0.676044	0	-0.736861
								0	-1	0
								-4.09993	0.0244446	4.9192
							}
						}
					}
				}
				{bone "body_umz3"
					{Position -41.4255	13.2887	30.9165}
					{VolumeView "body_umz3.ply"}
					{bone revolute "turret_umz3"
						{limits -80 30}
						{speed 0.01}
						{Matrix34
							0.866025	-0.5	0
							0.5	0.866025	0
							0	0	1
							0.306793	-0.0465965	13.6321
						}
						{VolumeView "turret_umz3.ply"}
						{bone "shooter09_3"
							{Matrix34
								-0.73686	0	0.676045
								-0.676045	0	-0.73686
								0	-1	0
								-7.303	-7.08681	1.81686
							}
						}
						{bone "shooter08_3"
							{Matrix34
								-0.73686	0	0.676045
								-0.676045	0	-0.73686
								0	-1	0
								-7.30302	-3.62372	1.81686
							}
						}
						{bone "shooter10_3"
							{Matrix34
								-0.73686	0	0.676045
								-0.676045	0	-0.73686
								0	-1	0
								-5.16482	-8.87473	4.18195
							}
						}
						{bone "shooter06_3"
							{Matrix34
								-0.73686	0	0.676045
								-0.676045	0	-0.73686
								0	-1	0
								-7.30302	3.34968	1.81685
							}
						}
						{bone "shooter07_3"
							{Matrix34
								-0.73686	0	0.676045
								-0.676045	0	-0.73686
								0	-1	0
								-7.30302	-0.136185	1.81685
							}
						}
						{bone "shooter01_3"
							{Matrix34
								-0.73686	0	0.676045
								-0.676045	0	-0.73686
								0	-1	0
								-9.52991	-5.34621	-0.585621
							}
						}
						{bone "shooter02_3"
							{Matrix34
								-0.73686	0	0.676045
								-0.676045	0	-0.73686
								0	-1	0
								-9.52988	-1.87194	-0.585629
							}
						}
						{bone "shooter24_3"
							{Matrix34
								-0.73686	0	0.676045
								-0.676045	0	-0.73686
								0	-1	0
								-0.728432	-0.219582	8.91688
							}
						}
						{bone "shooter25_3"
							{Matrix34
								-0.73686	0	0.676045
								-0.676045	0	-0.73686
								0	-1	0
								-0.728439	3.27219	8.91688
							}
						}
						{bone "shooter26_3"
							{Matrix34
								-0.73686	0	0.676045
								-0.676045	0	-0.73686
								0	-1	0
								-0.728424	6.76431	8.91688
							}
						}
						{bone "shooter27_3"
							{Matrix34
								-0.73686	0	0.676045
								-0.676045	0	-0.73686
								0	-1	0
								1.29255	4.98497	11.0971
							}
						}
						{bone "shooter28_3"
							{Matrix34
								-0.73686	0	0.676045
								-0.676045	0	-0.73686
								0	-1	0
								1.29254	1.51583	11.0971
							}
						}
						{bone "shooter29_3"
							{Matrix34
								-0.73686	0	0.676045
								-0.676045	0	-0.73686
								0	-1	0
								1.29254	-1.95915	11.0971
							}
						}
						{bone "shooter30_3"
							{Matrix34
								-0.73686	0	0.676045
								-0.676045	0	-0.73686
								0	-1	0
								1.29255	-5.44624	11.0971
							}
						}
						{bone "foresight3"
							{Matrix34
								-0.73686	0	0.676045
								-0.676045	0	-0.73686
								0	-1	0
								-4.69163	-0.16143	5.49548
							}
						}
						{bone "shooter03_3"
							{Matrix34
								-0.73686	0	0.676045
								-0.676045	0	-0.73686
								0	-1	0
								-9.52987	1.62113	-0.585629
							}
						}
						{bone "shooter04_3"
							{Matrix34
								-0.73686	0	0.676045
								-0.676045	0	-0.73686
								0	-1	0
								-9.52987	5.09306	-0.585629
							}
						}
						{bone "shooter05_3"
							{Matrix34
								-0.73686	0	0.676045
								-0.676045	0	-0.73686
								0	-1	0
								-7.30301	6.83789	1.81684
							}
						}
						{bone "shooter11_3"
							{Matrix34
								-0.73686	0	0.676045
								-0.676045	0	-0.73686
								0	-1	0
								-5.16483	-5.38279	4.18194
							}
						}
						{bone "shooter12_3"
							{Matrix34
								-0.73686	0	0.676045
								-0.676045	0	-0.73686
								0	-1	0
								-5.1648	-1.89513	4.18194
							}
						}
						{bone "shooter13_3"
							{Matrix34
								-0.73686	0	0.676045
								-0.676045	0	-0.73686
								0	-1	0
								-5.16484	1.57357	4.18194
							}
						}
						{bone "shooter14_3"
							{Matrix34
								-0.73686	0	0.676045
								-0.676045	0	-0.73686
								0	-1	0
								-5.16481	5.063	4.18193
							}
						}
						{bone "shooter15_3"
							{Matrix34
								-0.73686	0	0.676045
								-0.676045	0	-0.73686
								0	-1	0
								-5.1648	8.52916	4.18193
							}
						}
						{bone "shooter16_3"
							{Matrix34
								-0.73686	0	0.676045
								-0.676045	0	-0.73686
								0	-1	0
								-2.7949	8.52916	6.67347
							}
						}
						{bone "shooter17_3"
							{Matrix34
								-0.73686	0	0.676045
								-0.676045	0	-0.73686
								0	-1	0
								-2.79492	5.07214	6.67348
							}
						}
						{bone "shooter18_3"
							{Matrix34
								-0.73686	0	0.676045
								-0.676045	0	-0.73686
								0	-1	0
								-2.79492	1.5836	6.67349
							}
						}
						{bone "shooter19_3"
							{Matrix34
								-0.73686	0	0.676045
								-0.676045	0	-0.73686
								0	-1	0
								-2.79493	-1.90122	6.67349
							}
						}
						{bone "shooter20_3"
							{Matrix34
								-0.73686	0	0.676045
								-0.676045	0	-0.73686
								0	-1	0
								-2.79492	-5.38628	6.67349
							}
						}
						{bone "shooter21_3"
							{Matrix34
								-0.73686	0	0.676045
								-0.676045	0	-0.73686
								0	-1	0
								-2.79492	-8.87406	6.67349
							}
						}
						{bone "shooter22_3"
							{Matrix34
								-0.73686	0	0.676045
								-0.676045	0	-0.73686
								0	-1	0
								-0.728462	-7.15507	8.91689
							}
						}
						{bone "shooter23_3"
							{Matrix34
								-0.73686	0	0.676045
								-0.676045	0	-0.73686
								0	-1	0
								-0.728447	-3.69032	8.91688
							}
						}
					}
				}
				{bone "body_umz4"
					{Position -41.4169	-13.576	30.9165}
					{VolumeView "body_umz4.ply"}
					{bone revolute "turret_umz4"
						{limits -80 30}
						{speed 0.01}
						{Matrix34
							0.819152	0.573576	0
							-0.573576	0.819152	0
							0	0	1
							0.306828	-0.0465946	13.6321
						}
						{VolumeView "turret_umz4.ply"}
						{bone "shooter14_4"
							{Matrix34
								-0.73686	0	0.676045
								-0.676045	0	-0.73686
								0	-1	0
								-5.13023	5.18445	4.16355
							}
						}
						{bone "shooter15_4"
							{Matrix34
								-0.73686	0	0.676045
								-0.676045	0	-0.73686
								0	-1	0
								-5.13021	8.65061	4.16355
							}
						}
						{bone "shooter16_4"
							{Matrix34
								-0.73686	0	0.676045
								-0.676045	0	-0.73686
								0	-1	0
								-2.72663	8.65061	6.73819
							}
						}
						{bone "shooter17_4"
							{Matrix34
								-0.73686	0	0.676045
								-0.676045	0	-0.73686
								0	-1	0
								-2.72665	5.19362	6.7382
							}
						}
						{bone "shooter18_4"
							{Matrix34
								-0.73686	0	0.676045
								-0.676045	0	-0.73686
								0	-1	0
								-2.72665	1.70502	6.73821
							}
						}
						{bone "shooter19_4"
							{Matrix34
								-0.73686	0	0.676045
								-0.676045	0	-0.73686
								0	-1	0
								-2.72665	-1.7798	6.73821
							}
						}
						{bone "shooter20_4"
							{Matrix34
								-0.73686	0	0.676045
								-0.676045	0	-0.73686
								0	-1	0
								-2.72665	-5.26483	6.73821
							}
						}
						{bone "shooter21_4"
							{Matrix34
								-0.73686	0	0.676045
								-0.676045	0	-0.73686
								0	-1	0
								-2.72665	-8.75265	6.73821
							}
						}
						{bone "shooter22_4"
							{Matrix34
								-0.73686	0	0.676045
								-0.676045	0	-0.73686
								0	-1	0
								-0.693874	-7.03366	8.8985
							}
						}
						{bone "shooter23_4"
							{Matrix34
								-0.73686	0	0.676045
								-0.676045	0	-0.73686
								0	-1	0
								-0.693855	-3.56888	8.89849
							}
						}
						{bone "shooter24_4"
							{Matrix34
								-0.73686	0	0.676045
								-0.676045	0	-0.73686
								0	-1	0
								-0.693844	-0.0981283	8.89849
							}
						}
						{bone "shooter25_4"
							{Matrix34
								-0.73686	0	0.676045
								-0.676045	0	-0.73686
								0	-1	0
								-0.693855	3.3936	8.89849
							}
						}
						{bone "shooter26_4"
							{Matrix34
								-0.73686	0	0.676045
								-0.676045	0	-0.73686
								0	-1	0
								-0.693844	6.88574	8.89849
							}
						}
						{bone "shooter27_4"
							{Matrix34
								-0.73686	0	0.676045
								-0.676045	0	-0.73686
								0	-1	0
								1.32713	5.10642	11.0787
							}
						}
						{bone "shooter28_4"
							{Matrix34
								-0.73686	0	0.676045
								-0.676045	0	-0.73686
								0	-1	0
								1.32713	1.63724	11.0787
							}
						}
						{bone "shooter29_4"
							{Matrix34
								-0.73686	0	0.676045
								-0.676045	0	-0.73686
								0	-1	0
								1.32713	-1.83774	11.0787
							}
						}
						{bone "shooter30_4"
							{Matrix34
								-0.73686	0	0.676045
								-0.676045	0	-0.73686
								0	-1	0
								1.32714	-5.3248	11.0787
							}
						}
						{bone "foresight4"
							{Matrix34
								-0.73686	0	0.676045
								-0.676045	0	-0.73686
								0	-1	0
								-3.86907	-0.039979	5.41632
							}
						}
						{bone "shooter01_4"
							{Matrix34
								-0.73686	0	0.676045
								-0.676045	0	-0.73686
								0	-1	0
								-9.35243	-5.22476	-0.416695
							}
						}
						{bone "shooter02_4"
							{Matrix34
								-0.73686	0	0.676045
								-0.676045	0	-0.73686
								0	-1	0
								-9.3524	-1.75049	-0.416702
							}
						}
						{bone "shooter03_4"
							{Matrix34
								-0.73686	0	0.676045
								-0.676045	0	-0.73686
								0	-1	0
								-9.3524	1.74258	-0.416702
							}
						}
						{bone "shooter04_4"
							{Matrix34
								-0.73686	0	0.676045
								-0.676045	0	-0.73686
								0	-1	0
								-9.3524	5.21448	-0.416702
							}
						}
						{bone "shooter05_4"
							{Matrix34
								-0.73686	0	0.676045
								-0.676045	0	-0.73686
								0	-1	0
								-7.27725	6.95937	1.82221
							}
						}
						{bone "shooter06_4"
							{Matrix34
								-0.73686	0	0.676045
								-0.676045	0	-0.73686
								0	-1	0
								-7.27726	3.47113	1.82222
							}
						}
						{bone "shooter07_4"
							{Matrix34
								-0.73686	0	0.676045
								-0.676045	0	-0.73686
								0	-1	0
								-7.27726	-0.01474	1.82222
							}
						}
						{bone "shooter08_4"
							{Matrix34
								-0.73686	0	0.676045
								-0.676045	0	-0.73686
								0	-1	0
								-7.27726	-3.50224	1.82222
							}
						}
						{bone "shooter09_4"
							{Matrix34
								-0.73686	0	0.676045
								-0.676045	0	-0.73686
								0	-1	0
								-7.27725	-6.96539	1.82222
							}
						}
						{bone "shooter10_4"
							{Matrix34
								-0.73686	0	0.676045
								-0.676045	0	-0.73686
								0	-1	0
								-5.13023	-8.75333	4.16356
							}
						}
						{bone "shooter11_4"
							{Matrix34
								-0.73686	0	0.676045
								-0.676045	0	-0.73686
								0	-1	0
								-5.13024	-5.26135	4.16356
							}
						}
						{bone "shooter12_4"
							{Matrix34
								-0.73686	0	0.676045
								-0.676045	0	-0.73686
								0	-1	0
								-5.13021	-1.77368	4.16356
							}
						}
						{bone "shooter13_4"
							{Matrix34
								-0.73686	0	0.676045
								-0.676045	0	-0.73686
								0	-1	0
								-5.13024	1.69501	4.16356
							}
						}
					}
				}
				{bone "body_umz2"
					{Position -67.612	-13.5738	30.9165}
					{VolumeView "body_umz2.ply"}
					{bone revolute "turret_umz2"
						{limits -80 30}
						{speed 0.01}
						{Matrix34
							0.819152	0.573576	0
							-0.573576	0.819152	0
							0	0	1
							0.306824	-0.0465946	13.6321
						}
						{VolumeView "turret_umz2.ply"}
						{bone "shooter01_2"
							{Matrix34
								-0.73686	0	0.676045
								-0.676045	0	-0.73686
								0	-1	0
								-9.55178	-5.19862	-0.709171
							}
						}
						{bone "shooter02_2"
							{Matrix34
								-0.73686	0	0.676045
								-0.676045	0	-0.73686
								0	-1	0
								-9.55175	-1.72439	-0.709179
							}
						}
						{bone "shooter03_2"
							{Matrix34
								-0.73686	0	0.676045
								-0.676045	0	-0.73686
								0	-1	0
								-9.55175	1.76868	-0.709179
							}
						}
						{bone "shooter04_2"
							{Matrix34
								-0.73686	0	0.676045
								-0.676045	0	-0.73686
								0	-1	0
								-9.55175	5.24058	-0.709179
							}
						}
						{bone "shooter05_2"
							{Matrix34
								-0.73686	0	0.676045
								-0.676045	0	-0.73686
								0	-1	0
								-7.60221	6.98544	1.4272
							}
						}
						{bone "shooter06_2"
							{Matrix34
								-0.73686	0	0.676045
								-0.676045	0	-0.73686
								0	-1	0
								-7.60223	3.49723	1.42721
							}
						}
						{bone "shooter07_2"
							{Matrix34
								-0.73686	0	0.676045
								-0.676045	0	-0.73686
								0	-1	0
								-7.60223	0.0113983	1.42721
							}
						}
						{bone "shooter10_2"
							{Matrix34
								-0.73686	0	0.676045
								-0.676045	0	-0.73686
								0	-1	0
								-5.28125	-8.72721	4.07903
							}
						}
						{bone "shooter11_2"
							{Matrix34
								-0.73686	0	0.676045
								-0.676045	0	-0.73686
								0	-1	0
								-5.28124	-5.23521	4.07902
							}
						}
						{bone "shooter12_2"
							{Matrix34
								-0.73686	0	0.676045
								-0.676045	0	-0.73686
								0	-1	0
								-5.28121	-1.74759	4.07902
							}
						}
						{bone "shooter13_2"
							{Matrix34
								-0.73686	0	0.676045
								-0.676045	0	-0.73686
								0	-1	0
								-5.28125	1.72115	4.07902
							}
						}
						{bone "shooter14_2"
							{Matrix34
								-0.73686	0	0.676045
								-0.676045	0	-0.73686
								0	-1	0
								-5.28122	5.21054	4.07901
							}
						}
						{bone "shooter15_2"
							{Matrix34
								-0.73686	0	0.676045
								-0.676045	0	-0.73686
								0	-1	0
								-5.28121	8.67674	4.07901
							}
						}
						{bone "shooter16_2"
							{Matrix34
								-0.73686	0	0.676045
								-0.676045	0	-0.73686
								0	-1	0
								-2.89997	8.67674	6.63273
							}
						}
						{bone "shooter17_2"
							{Matrix34
								-0.73686	0	0.676045
								-0.676045	0	-0.73686
								0	-1	0
								-2.89999	5.2197	6.63274
							}
						}
						{bone "shooter18_2"
							{Matrix34
								-0.73686	0	0.676045
								-0.676045	0	-0.73686
								0	-1	0
								-2.89999	1.73112	6.63275
							}
						}
						{bone "shooter19_2"
							{Matrix34
								-0.73686	0	0.676045
								-0.676045	0	-0.73686
								0	-1	0
								-2.89999	-1.75367	6.63275
							}
						}
						{bone "shooter20_2"
							{Matrix34
								-0.73686	0	0.676045
								-0.676045	0	-0.73686
								0	-1	0
								-2.9	-5.23874	6.63275
							}
						}
						{bone "shooter21_2"
							{Matrix34
								-0.73686	0	0.676045
								-0.676045	0	-0.73686
								0	-1	0
								-2.89999	-8.72654	6.63275
							}
						}
						{bone "shooter22_2"
							{Matrix34
								-0.73686	0	0.676045
								-0.676045	0	-0.73686
								0	-1	0
								-0.660034	-7.00755	8.95257
							}
						}
						{bone "shooter23_2"
							{Matrix34
								-0.73686	0	0.676045
								-0.676045	0	-0.73686
								0	-1	0
								-0.660015	-3.54275	8.95256
							}
						}
						{bone "shooter24_2"
							{Matrix34
								-0.73686	0	0.676045
								-0.676045	0	-0.73686
								0	-1	0
								-0.660004	-0.0720615	8.95256
							}
						}
						{bone "shooter25_2"
							{Matrix34
								-0.73686	0	0.676045
								-0.676045	0	-0.73686
								0	-1	0
								-0.660015	3.41974	8.95256
							}
						}
						{bone "shooter26_2"
							{Matrix34
								-0.73686	0	0.676045
								-0.676045	0	-0.73686
								0	-1	0
								-0.66	6.91188	8.95256
							}
						}
						{bone "shooter27_2"
							{Matrix34
								-0.73686	0	0.676045
								-0.676045	0	-0.73686
								0	-1	0
								1.3133	5.13255	11.0606
							}
						}
						{bone "shooter28_2"
							{Matrix34
								-0.73686	0	0.676045
								-0.676045	0	-0.73686
								0	-1	0
								1.3133	1.66335	11.0606
							}
						}
						{bone "shooter29_2"
							{Matrix34
								-0.73686	0	0.676045
								-0.676045	0	-0.73686
								0	-1	0
								1.3133	-1.81163	11.0606
							}
						}
						{bone "shooter30_2"
							{Matrix34
								-0.73686	0	0.676045
								-0.676045	0	-0.73686
								0	-1	0
								1.3133	-5.29866	11.0606
							}
						}
						{bone "foresight2"
							{Matrix34
								-0.73686	0	0.676045
								-0.676045	0	-0.73686
								0	-1	0
								-6.71907	-0.0138779	5.01749
							}
						}
						{bone "shooter08_2"
							{Matrix34
								-0.73686	0	0.676045
								-0.676045	0	-0.73686
								0	-1	0
								-7.60223	-3.47617	1.42722
							}
						}
						{bone "shooter09_2"
							{Matrix34
								-0.73686	0	0.676045
								-0.676045	0	-0.73686
								0	-1	0
								-7.60221	-6.93929	1.42722
							}
						}
					}
				}
				{bone "body_umz5"
					{Position -15.5557	13.2876	30.9165}
					{VolumeView "body_umz5.ply"}
					{bone revolute "turret_umz5"
						{limits -80 30}
						{speed 0.01}
						{Matrix34
							0.866025	-0.5	0
							0.5	0.866025	0
							0	0	1
							0.306809	-0.0466003	13.6321
						}
						{VolumeView "turret_umz5.ply"}
						{bone "shooter01_5"
							{Matrix34
								-0.73686	0	0.676045
								-0.676045	0	-0.736861
								0	-1	0
								-9.23315	-5.22171	-0.481445
							}
						}
						{bone "shooter02_5"
							{Matrix34
								-0.73686	0	0.676045
								-0.676045	0	-0.736861
								0	-1	0
								-9.23312	-1.74747	-0.481453
							}
						}
						{bone "shooter03_5"
							{Matrix34
								-0.73686	0	0.676045
								-0.676045	0	-0.736861
								0	-1	0
								-9.23312	1.74557	-0.481453
							}
						}
						{bone "shooter04_5"
							{Matrix34
								-0.73686	0	0.676045
								-0.676045	0	-0.736861
								0	-1	0
								-9.23312	5.2175	-0.481453
							}
						}
						{bone "shooter05_5"
							{Matrix34
								-0.73686	0	0.676045
								-0.676045	0	-0.736861
								0	-1	0
								-7.11593	6.96237	1.92043
							}
						}
						{bone "shooter06_5"
							{Matrix34
								-0.73686	0	0.676045
								-0.676045	0	-0.736861
								0	-1	0
								-7.11595	3.47409	1.92044
							}
						}
						{bone "shooter07_5"
							{Matrix34
								-0.73686	0	0.676045
								-0.676045	0	-0.736861
								0	-1	0
								-7.11595	-0.0117493	1.92044
							}
						}
						{bone "shooter22_5"
							{Matrix34
								-0.73686	0	0.676045
								-0.676045	0	-0.736861
								0	-1	0
								-0.628817	-7.03067	8.88182
							}
						}
						{bone "shooter23_5"
							{Matrix34
								-0.73686	0	0.676045
								-0.676045	0	-0.736861
								0	-1	0
								-0.628799	-3.56595	8.88182
							}
						}
						{bone "shooter24_5"
							{Matrix34
								-0.73686	0	0.676045
								-0.676045	0	-0.736861
								0	-1	0
								-0.62879	-0.0951242	8.88182
							}
						}
						{bone "shooter25_5"
							{Matrix34
								-0.73686	0	0.676045
								-0.676045	0	-0.736861
								0	-1	0
								-0.628807	3.39658	8.88182
							}
						}
						{bone "shooter26_5"
							{Matrix34
								-0.73686	0	0.676045
								-0.676045	0	-0.736861
								0	-1	0
								-0.628792	6.88876	8.88182
							}
						}
						{bone "shooter27_5"
							{Matrix34
								-0.73686	0	0.676045
								-0.676045	0	-0.736861
								0	-1	0
								1.39218	5.10934	11.062
							}
						}
						{bone "shooter28_5"
							{Matrix34
								-0.73686	0	0.676045
								-0.676045	0	-0.736861
								0	-1	0
								1.39218	1.64023	11.062
							}
						}
						{bone "shooter29_5"
							{Matrix34
								-0.73686	0	0.676045
								-0.676045	0	-0.736861
								0	-1	0
								1.39218	-1.83475	11.062
							}
						}
						{bone "shooter30_5"
							{Matrix34
								-0.73686	0	0.676045
								-0.676045	0	-0.736861
								0	-1	0
								1.39218	-5.32181	11.062
							}
						}
						{bone "foresight5"
							{Matrix34
								-0.73686	0	0.676045
								-0.676045	0	-0.736861
								0	-1	0
								-3.80403	-0.0370178	5.39964
							}
						}
						{bone "shooter08_5"
							{Matrix34
								-0.73686	0	0.676045
								-0.676045	0	-0.736861
								0	-1	0
								-7.11595	-3.4993	1.92044
							}
						}
						{bone "shooter09_5"
							{Matrix34
								-0.73686	0	0.676045
								-0.676045	0	-0.736861
								0	-1	0
								-7.11593	-6.96243	1.92044
							}
						}
						{bone "shooter10_5"
							{Matrix34
								-0.73686	0	0.676045
								-0.676045	0	-0.736861
								0	-1	0
								-5.06518	-8.75028	4.14688
							}
						}
						{bone "shooter11_5"
							{Matrix34
								-0.73686	0	0.676045
								-0.676045	0	-0.736861
								0	-1	0
								-5.06518	-5.25833	4.14688
							}
						}
						{bone "shooter12_5"
							{Matrix34
								-0.73686	0	0.676045
								-0.676045	0	-0.736861
								0	-1	0
								-5.06516	-1.77066	4.14688
							}
						}
						{bone "shooter13_5"
							{Matrix34
								-0.73686	0	0.676045
								-0.676045	0	-0.736861
								0	-1	0
								-5.06518	1.69797	4.14688
							}
						}
						{bone "shooter14_5"
							{Matrix34
								-0.73686	0	0.676045
								-0.676045	0	-0.736861
								0	-1	0
								-5.06518	5.18747	4.14687
							}
						}
						{bone "shooter15_5"
							{Matrix34
								-0.73686	0	0.676045
								-0.676045	0	-0.736861
								0	-1	0
								-5.06516	8.65353	4.14687
							}
						}
						{bone "shooter16_5"
							{Matrix34
								-0.73686	0	0.676045
								-0.676045	0	-0.736861
								0	-1	0
								-2.66158	8.65353	6.72151
							}
						}
						{bone "shooter17_5"
							{Matrix34
								-0.73686	0	0.676045
								-0.676045	0	-0.736861
								0	-1	0
								-2.6616	5.19662	6.72153
							}
						}
						{bone "shooter18_5"
							{Matrix34
								-0.73686	0	0.676045
								-0.676045	0	-0.736861
								0	-1	0
								-2.6616	1.70798	6.72153
							}
						}
						{bone "shooter19_5"
							{Matrix34
								-0.73686	0	0.676045
								-0.676045	0	-0.736861
								0	-1	0
								-2.6616	-1.77676	6.72153
							}
						}
						{bone "shooter20_5"
							{Matrix34
								-0.73686	0	0.676045
								-0.676045	0	-0.736861
								0	-1	0
								-2.66159	-5.26187	6.72154
							}
						}
						{bone "shooter21_5"
							{Matrix34
								-0.73686	0	0.676045
								-0.676045	0	-0.736861
								0	-1	0
								-2.6616	-8.74966	6.72154
							}
						}
					}
				}
				{bone "body_umz6"
					{Position -15.5653	-13.5725	30.9165}
					{VolumeView "body_umz6.ply"}
					{bone revolute "turret_umz6"
						{limits -80 30}
						{speed 0.01}
						{Matrix34
							0.819152	0.573576	0
							-0.573576	0.819152	0
							0	0	1
							0.306827	-0.0465946	13.6321
						}
						{VolumeView "turret_umz6.ply"}
						{bone "shooter03_6"
							{Matrix34
								-0.73686	0	0.676045
								-0.676045	0	-0.73686
								0	-1	0
								-9.56544	1.7835	-0.675232
							}
						}
						{bone "shooter04_6"
							{Matrix34
								-0.73686	0	0.676045
								-0.676045	0	-0.73686
								0	-1	0
								-9.56544	5.2554	-0.675232
							}
						}
						{bone "shooter05_6"
							{Matrix34
								-0.73686	0	0.676045
								-0.676045	0	-0.73686
								0	-1	0
								-7.24003	7.00026	1.8614
							}
						}
						{bone "shooter06_6"
							{Matrix34
								-0.73686	0	0.676045
								-0.676045	0	-0.73686
								0	-1	0
								-7.24003	3.51205	1.86141
							}
						}
						{bone "shooter07_6"
							{Matrix34
								-0.73686	0	0.676045
								-0.676045	0	-0.73686
								0	-1	0
								-7.24003	0.0261841	1.86141
							}
						}
						{bone "shooter02_6"
							{Matrix34
								-0.73686	0	0.676045
								-0.676045	0	-0.73686
								0	-1	0
								-9.56544	-1.70957	-0.675232
							}
						}
						{bone "shooter01_6"
							{Matrix34
								-0.73686	0	0.676045
								-0.676045	0	-0.73686
								0	-1	0
								-9.56546	-5.18384	-0.675224
							}
						}
						{bone "shooter30_6"
							{Matrix34
								-0.73686	0	0.676045
								-0.676045	0	-0.73686
								0	-1	0
								1.35835	-5.28388	11.1576
							}
						}
						{bone "foresight6"
							{Matrix34
								-0.73686	0	0.676045
								-0.676045	0	-0.73686
								0	-1	0
								-3.83787	0.000937462	5.49521
							}
						}
						{bone "shooter08_6"
							{Matrix34
								-0.73686	0	0.676045
								-0.676045	0	-0.73686
								0	-1	0
								-7.24003	-3.46135	1.86142
							}
						}
						{bone "shooter09_6"
							{Matrix34
								-0.73686	0	0.676045
								-0.676045	0	-0.73686
								0	-1	0
								-7.24002	-6.92447	1.86142
							}
						}
						{bone "shooter10_6"
							{Matrix34
								-0.73686	0	0.676045
								-0.676045	0	-0.73686
								0	-1	0
								-5.29745	-8.71243	4.00887
							}
						}
						{bone "shooter11_6"
							{Matrix34
								-0.73686	0	0.676045
								-0.676045	0	-0.73686
								0	-1	0
								-5.29746	-5.22045	4.00886
							}
						}
						{bone "shooter12_6"
							{Matrix34
								-0.73686	0	0.676045
								-0.676045	0	-0.73686
								0	-1	0
								-5.29744	-1.73277	4.00886
							}
						}
						{bone "shooter13_6"
							{Matrix34
								-0.73686	0	0.676045
								-0.676045	0	-0.73686
								0	-1	0
								-5.29746	1.73591	4.00886
							}
						}
						{bone "shooter14_6"
							{Matrix34
								-0.73686	0	0.676045
								-0.676045	0	-0.73686
								0	-1	0
								-5.29745	5.22536	4.00885
							}
						}
						{bone "shooter15_6"
							{Matrix34
								-0.73686	0	0.676045
								-0.676045	0	-0.73686
								0	-1	0
								-5.29745	8.69153	4.00885
							}
						}
						{bone "shooter16_6"
							{Matrix34
								-0.73686	0	0.676045
								-0.676045	0	-0.73686
								0	-1	0
								-2.85896	8.69153	6.59671
							}
						}
						{bone "shooter17_6"
							{Matrix34
								-0.73686	0	0.676045
								-0.676045	0	-0.73686
								0	-1	0
								-2.85897	5.23451	6.59672
							}
						}
						{bone "shooter18_6"
							{Matrix34
								-0.73686	0	0.676045
								-0.676045	0	-0.73686
								0	-1	0
								-2.85897	1.74594	6.59673
							}
						}
						{bone "shooter19_6"
							{Matrix34
								-0.73686	0	0.676045
								-0.676045	0	-0.73686
								0	-1	0
								-2.85897	-1.73888	6.59673
							}
						}
						{bone "shooter20_6"
							{Matrix34
								-0.73686	0	0.676045
