;Exported by: Timosh
;Date:        Mon Jun 27 19:53:24 2022
;File:        G:\?????? ? Pheonix\??????????????\??????\?????? ? ???????\???\???????????? ??????????? ??????? 2\usa_cottage_1st_2 x 7.max
{Skeleton
	{bone "6"
		{Orientation
			1	0	0
			0	-1	0
			0	0	1
		}
		{bone "piece4"
			{Matrix34
				0	0.683008	-0.730411
				-1	0	0
				0	0.730411	0.683008
				-6.71063	13.3633	62.0183
			}
			{VolumeView "piece4.ply"}
		}
		{bone "piece3"
			{Matrix34
				0	-0.00108234	-0.999999
				-1	5.50866e-05	0
				5.50866e-05	0.999999	-0.00108234
				-16.1746	14.7432	38.8279
			}
			{VolumeView "piece3.ply"}
		}
		{bone "piece2"
			{Matrix34
				0	-0.00102894	-0.999999
				-1	0	0
				0	0.999999	-0.00102894
				-21.5326	15.4818	13.3195
			}
			{VolumeView "piece2.ply"}
		}
		{bone "piece1"
			{Matrix34
				0	-0.00102095	-1
				-1	2.9401e-05	0
				2.9401e-05	1	-0.00102095
				22.5078	15.5025	12.0264
			}
			{VolumeView "piece1.ply"}
		}
		{bone "piece5"
			{Matrix34
				0	-0.00102095	-1
				-1	0	0
				0	1	-0.00102095
				20.9978	15.5264	37.3275
			}
			{VolumeView "piece5.ply"}
		}
		{bone "piece6"
			{Matrix34
				0.573576	0	-0.819152
				0	1	0
				0.819152	0	0.573576
				-18.6588	-25.5078	70.9709
			}
			{VolumeView "piece6.ply"}
		}
		{bone "piece7"
			{Matrix34
				-0.819152	0.391758	-0.418946
				-0.573577	-0.559488	0.598317
				0	0.73041	0.683009
				36.4178	5.44687	70.5031
			}
			{VolumeView "piece7.ply"}
		}
	}
}
{Volume "piece1"
	{Box 27.2389 4.42577 23.4529}
	{Bone "piece1"}
	{Matrix34
		0	-1	2.95639e-05
		-0.00102095	2.95641e-05	1
		-1	0	-0.00102095
		0	0	0
	}
}
{Volume "piece2"
	{Box 20.0097 4.41843 23.4529}
	{Bone "piece2"}
	{Matrix34
		0	-1	0
		-0.00102894	0	0.999999
		-0.999999	0	-0.00102894
		0	0	0
	}
}
{Volume "piece3"
	{Box 23.6774 8.97224 21.1554}
	{Bone "piece3"}
	{Matrix34
		0	-1	5.48363e-05
		-0.00108246	5.48364e-05	0.999999
		-0.999999	0	-0.00108246
		-1.04904e-05	0	-2.87658e-05
	}
}
{Volume "piece4"
	{Box 23.7176 7.24179 23.6517}
	{Bone "piece4"}
	{Matrix34
		0	-1	0
		-0.0335193	0	0.999438
		-0.999438	0	-0.0335193
		-1.23978e-05	0	1.41859e-05
	}
}
{Volume "piece5"
	{Box 24.1599 4.42667 23.453}
	{Bone "piece5"}
	{Matrix34
		0	-1	0
		-0.00102095	0	1
		-1	0	-0.00102095
		0	0	0
	}
}
{Volume "piece6"
	{Box 4.65319 42.9204 48.1682}
	{Bone "piece6"}
	{Position -0.294395	0	0.0461807}
}
{Volume "piece7"
	{Box 41.4159 8.98344 55.7969}
	{Bone "piece7"}
	{Matrix34
		-0.819152	-0.573577	0
		-0.0192246	0.0274568	0.999438
		-0.573254	0.818692	-0.0335177
		0.525638	0.927313	-0.0153526
	}
}
