;Exported by: Timosh
;Date:        Tue Jul 12 20:08:39 2022
;File:        G:\?????? ? Pheonix\??????????????\??????\?????? ? ???????\???\???????????? ??????????? ???????\x 10.max
{Skeleton
	{bone "f2r2"
		{Orientation
			1	0	0
			0	-1	0
			0	0	1
		}
		{bone "piece1"
			{Matrix34
				1	0	0
				0	0.34202	0.939693
				0	-0.939693	0.34202
				-17.5998	7.93504	4.86661
			}
			{VolumeView "piece1.ply"}
		}
		{bone "piece2"
			{Matrix34
				0.573576	0	-0.819152
				0	1	0
				0.819152	0	0.573576
				-28.6234	-21.6515	4.9315
			}
			{VolumeView "piece2.ply"}
		}
		{bone "piece3"
			{Position 1.08598	23.0022	-12.632}
			{VolumeView "piece3.ply"}
		}
		{bone "piece4"
			{Matrix34
				1	0	0
				0	0.34202	0.939693
				0	-0.939693	0.34202
				9.19761	-17.4058	2.77588
			}
			{VolumeView "piece4.ply"}
		}
	}
}
{Volume "piece1"
	{Box 23.4893 2.79659 24.8477}
	{Bone "piece1"}
	{Position 0.00364685	-0.0521545	-0.013031}
}
{Volume "piece2"
	{Box 3.10459 27.4603 20.4971}
	{Bone "piece2"}
	{Position 0.415527	0.824196	-0.693634}
}
{Volume "piece3"
	{Box 22.939 5.92611 20.7467}
	{Bone "piece3"}
	{Position 0	0	-1.90735e-05}
}
{Volume "piece4"
	{Box 58.9016 6.7396 47.9791}
	{Bone "piece4"}
	{Position 15.3908	10.5904	2.34635}
}
