;Exported by: ??????
;Date:        Sun Jan  8 17:04:09 2023
;File:        G:\?????? ???\BMD4M_by_Sanchez\???4?\???-4?_??.max
{Skeleton
	{bone "basis"
		{parameters "Wheelradius=0.5;"}
		{Orientation
			1	0	0
			0	-1	0
			0	0	1
		}
		{bone "wheelsr"
			{parameters "ID=trackright;"}
			{Matrix34
				0.00488692	0.999988	0
				-0.00959914	4.69108e-05	0.999954
				0.999942	-0.0048867	0.00959926
				3.05859	-18.2432	10.8146
			}
			{bone prizmatic "suspension_r4"
				{limits -0.2 0.1}
				{speed 0.5}
				{Matrix34
					-1	0	0
					0	-1.57226e-05	1
					0	1	1.57254e-05
					-3.49571	-3.36918	-20.1929
				}
				{bone revolute "wheelr5"
					{parameters "ID=trackright;"}
					{Matrix34
						-0.00488764	0.999942	-0.00958356
						0	-0.00958367	-0.999954
						-0.999988	-0.00488736	4.72977e-05
						4.51114	0.0113754	0.0439725
					}
					{VolumeView "wheelr5.ply"}
				}
			}
			{bone prizmatic "suspension_r5"
				{limits -0.2 0.1}
				{speed 0.5}
				{Matrix34
					-1	0	0
					0	-1.57226e-05	1
					0	1	1.57254e-05
					-3.56652	-3.23011	-34.6804
				}
				{bone revolute "wheelr6"
					{parameters "ID=trackright;"}
					{Matrix34
						-0.00491435	0.999942	-0.0095836
						0	-0.00958381	-0.999954
						-0.999988	-0.00491376	5.50611e-05
						4.51123	0.0114079	-0.0136352
					}
					{VolumeView "wheelr6.ply"}
				}
			}
			{bone prizmatic "suspension_r1"
				{limits -0.2 0.1}
				{speed 0.5}
				{Matrix34
					-1	0	0
					0	-1.57226e-05	1
					0	1	1.57254e-05
					-3.26812	-3.81623	26.3759
				}
				{bone revolute "wheelr2"
					{parameters "ID=trackright;"}
					{Matrix34
						-0.00488777	0.999942	-0.00958386
						0	-0.00958398	-0.999954
						-0.999988	-0.00488748	4.73093e-05
						4.51145	-0.00348473	0.0157447
					}
					{VolumeView "wheelr2.ply"}
				}
			}
			{bone prizmatic "suspension_r2"
				{limits -0.2 0.1}
				{speed 0.5}
				{Matrix34
					-1	0	0
					0	-1.57226e-05	1
					0	1	1.57254e-05
					-3.34493	-3.66536	10.6593
				}
				{bone revolute "wheelr3"
					{parameters "ID=trackright;"}
					{Matrix34
						-0.00490031	0.999942	-0.00958335
						0	-0.00958352	-0.999954
						-0.999988	-0.00489995	4.87537e-05
						4.51129	-0.0205641	-0.00815535
					}
					{VolumeView "wheelr3.ply"}
				}
			}
			{bone prizmatic "suspension_r3"
				{limits -0.2 0.1}
				{speed 0.5}
				{Matrix34
					-1	0	0
					0	-1.57226e-05	1
					0	1	1.57254e-05
					-3.41881	-3.52025	-4.4565
				}
				{bone revolute "wheelr4"
					{parameters "ID=trackright;"}
					{Matrix34
						-0.00486542	0.999942	-0.00958341
						0	-0.0095836	-0.999954
						-0.999988	-0.00486522	5.16186e-05
						4.51131	-0.0143548	-0.00653267
					}
					{VolumeView "wheelr4.ply"}
				}
			}
		}
		{bone "wheelsl"
			{parameters "ID=trackleft;"}
			{Matrix34
				0.00488692	0.999988	0
				-0.00959914	4.69108e-05	0.999954
				0.999942	-0.0048867	0.00959926
				3.25384	18.4853	10.8146
			}
			{bone prizmatic "suspension_l1"
				{limits -0.2 0.1}
				{speed 0.5}
				{Matrix34
					1	0	0
					0	-1.57235e-05	-1
					0	1	-1.57245e-05
					2.08687	-3.8141	26.1545
				}
				{bone "wheell2"
					{parameters "ID=trackleft;"}
					{Matrix34
						0.00486432	-0.999942	-0.00961532
						-0.00959906	0.00956838	-0.999908
						0.999942	0.00495611	-0.00955191
						5.25653	0.114325	-0.00132942
					}
					{VolumeView "wheell2.ply"}
				}
			}
			{bone prizmatic "suspension_l2"
				{limits -0.2 0.1}
				{speed 0.5}
				{Matrix34
					1	0	0
					0	-1.57235e-05	-1
					0	1	-1.57245e-05
					2.01006	-3.66323	10.4379
				}
				{bone "wheell3"
					{parameters "ID=trackleft;"}
					{Matrix34
						0.00488769	-0.999942	-0.00961483
						0	0.00961503	-0.999954
						0.999988	0.0048874	4.70494e-05
						5.18524	0.0676413	0.0213747
					}
					{VolumeView "wheell3.ply"}
				}
			}
			{bone prizmatic "suspension_l3"
				{limits -0.2 0.1}
				{speed 0.5}
				{Matrix34
					1	0	0
					0	-1.57235e-05	-1
					0	1	-1.57245e-05
					1.93619	-3.51812	-4.67791
				}
				{bone "wheell4"
					{parameters "ID=trackleft;"}
					{Matrix34
						0.00488721	-0.999942	-0.00961486
						0	0.00961498	-0.999954
						0.999988	0.00488692	4.70091e-05
						5.18519	0.0614988	0.0195394
					}
					{VolumeView "wheell4.ply"}
				}
			}
			{bone prizmatic "suspension_l4"
				{limits -0.2 0.1}
				{speed 0.5}
				{Matrix34
					1	0	0
					0	-1.57235e-05	-1
					0	1	-1.57245e-05
					1.85928	-3.36706	-20.4143
				}
				{bone "wheell5"
					{parameters "ID=trackleft;"}
					{Matrix34
						0.00488732	-0.999942	-0.00961471
						0	0.0096148	-0.999954
						0.999988	0.0048871	4.67369e-05
						5.18537	0.0367451	-0.031527
					}
					{VolumeView "wheell5.ply"}
				}
			}
			{bone prizmatic "suspension_l5"
				{limits -0.2 0.1}
				{speed 0.5}
				{Matrix34
					1	0	0
					0	-1.57235e-05	-1
					0	1	-1.57245e-05
					1.78848	-3.22798	-34.9018
				}
				{bone "wheell6"
					{parameters "ID=trackleft;"}
					{Matrix34
						0.00488721	-0.999942	-0.00961487
						0	0.00961504	-0.999954
						0.999988	0.00488692	4.70805e-05
						5.18546	0.0356693	0.0262666
					}
					{VolumeView "wheell6.ply"}
				}
			}
		}
		{bone "body_holder"
			{Matrix34
				0	1	0
				-1	0	0
				0	0	1
				5.92674	-0.366882	24.3607
			}
			{bone "body"
				{parameters "ID=body;"}
				{Matrix34
					0.999988	-0.00488637	0
					0.00488614	0.999942	-0.00959906
					4.69069e-05	0.00959895	0.999954
					0	0	0
				}
				{VolumeView "body.ply"}
				{bone "cover_mgunner_right"
					{parameters "ID=body;"}
					{Matrix34
						0.00485813	-0.999902	0.0131551
						0.999988	0.00485853	0
						-6.39148e-05	0.0131549	0.999913
						-18.2122	-33.8089	12.1158
					}
					{VolumeView "cover_mgunner_right.ply"}
				}
				{bone "driver_cover"
					{Matrix34
						0.00488688	-0.999942	-0.00959901
						0.999988	0.00488663	4.67013e-05
						0	-0.00959913	0.999954
						-6.31162	-33.9447	12.2564
					}
					{VolumeView "driver_cover.ply"}
				}
				{bone "cover_mgunner_left"
					{parameters "ID=body;"}
					{Matrix34
						0.00486833	-0.999988	0
						0.999988	0.00486832	0
						0	0	1
						18.7372	-33.2693	12.3231
					}
					{VolumeView "cover_mgunner_left.ply"}
				}
				{bone "torsions"
					{parameters "ID=body;"}
					{Position 0.283944	4.86896	-14.2609}
					{VolumeView "torsions.ply"}
				}
				{bone revolute "turret"
					{parameters "ID=turret;"}
					{Matrix34
						0	-1	0
						1	0	0
						0	0	1
						-0.231825	-7.71555	20.6517
					}
					{VolumeView "turret.ply"}
					{bone "gunner_cover"
						{parameters "ID=turret;"}
						{Position -2.13342	9.70601	1.29604}
						{VolumeView "gunner_cover.ply"}
					}
					{bone "cw_panorama_basis"
						{Matrix34
							0.999942	0.00488661	-0.00959895
							-0.00488638	0.999988	4.69067e-05
							0.00959906	0	0.999954
							6.53151	-8.93541	2.26124
						}
						{bone "part5"
							{Position 0.0449944	-0.15575	2.37809}
							{VolumeView "part5.ply"}
						}
					}
					{bone "smoke_guns"
						{parameters "id=turret;"}
						{Matrix34
							1	0	0
							0	-1	0
							0	0	1
							12.1766	-0.565643	-3.83018
						}
						{VolumeView "smoke_guns.ply"}
					}
					{bone "com_cover"
						{parameters "ID=turret;"}
						{Matrix34
							0.999547	0.0301054	0
							-0.0301054	0.999547	0.000288991
							0	-0.000289002	1
							-1.95785	-9.23611	1.30183
						}
						{VolumeView "com_cover.ply"}
					}
					{bone "az_reload_luk"
						{parameters "ID=turret;"}
						{Matrix34
							0.999942	0.00488673	-0.00959895
							-0.0048865	0.999988	4.69055e-05
							0.00959906	0	0.999954
							-19.6207	-0.919653	-1.51337
						}
						{VolumeView "az_reload_luk.ply"}
					}
					{bone "gun_up"
						{Matrix34
							0.999942	0.00488673	-0.00959895
							-0.00959906	0	-0.999954
							-0.0048865	0.999988	4.67398e-05
							11.8588	1.54812	-4.0046
						}
						{bone revolute "gun_rot"
							{parameters "ID=gun;"}
							{limits -60 5}
							{speed 0.01}
							{Matrix34
								0.999979	0.00436346	-0.00488656
								-0.00436341	0.99999	2.09806e-05
								0.0048866	0	0.999988
								0	0	-1.84774e-05
							}
							{VolumeView "gun_rot.ply"}
							{bone "gun1"
								{parameters "ID=gun;"}
								{Position 32.7828	-0.46085	-0.0862232}
								{VolumeView "gun1.ply"}
							}
							{bone "gun2"
								{parameters "ID=gun2;"}
								{Matrix34
									-0.0048864	2.11598e-05	0.999988
									-0.00437893	-0.99999	0
									0.999979	-0.00437888	0.00488644
									29.5485	-0.360188	-2.16755
								}
								{VolumeView "gun2.ply"}
							}
						}
					}
					{bone "entetier_turret"
						{Matrix34
							0.999942	0.00488673	-0.00959896
							-0.0048865	0.999988	4.69078e-05
							0.00959906	0	0.999954
							-1.49401	0.250393	-17.5739
						}
						{VolumeView "entetier_turret.ply"}
					}
					{bone "part4"
						{parameters "ID=turret;"}
						{Position 4.07303	10.8292	2.94334}
						{VolumeView "part4.ply"}
					}
				}
				{bone "sadovnica_kit"
					{parameters "ID=shield_sadovnica;"}
					{Matrix34
						0.0048867	-0.999942	-0.00959827
						0.999988	0.00488647	4.69093e-05
						0	-0.00959839	0.999954
						0.0518095	-0.414337	0.196356
					}
					{VolumeView "sadovnica_kit.ply"}
					{bone "shieldl1"
						{parameters "ID=shieldR;"}
						{Position 49.9981	29.8084	-4.74221}
						{VolumeView "shieldl1.ply"}
					}
					{bone "shieldl2"
						{parameters "ID=shieldR;"}
						{Position 38.6492	30.4482	-5.17272}
						{VolumeView "shieldl2.ply"}
					}
					{bone "shieldl3"
						{parameters "ID=shieldR;"}
						{Position 22.481	30.023	-5.16806}
						{VolumeView "shieldl3.ply"}
					}
					{bone "shieldl4"
						{parameters "ID=shieldR;"}
						{Position 7.01935	29.6873	-5.16805}
						{VolumeView "shieldl4.ply"}
					}
					{bone "shieldl5"
						{parameters "ID=shieldR;"}
						{Position -7.07458	29.1416	-5.16758}
						{VolumeView "shieldl5.ply"}
					}
					{bone "shieldl6"
						{parameters "ID=shieldR;"}
						{Position -20.7174	28.5931	-5.16794}
						{VolumeView "shieldl6.ply"}
					}
					{bone "shieldl7"
						{parameters "ID=shieldR;"}
						{Position -34.2706	28.7693	-5.16803}
						{VolumeView "shieldl7.ply"}
					}
					{bone "shieldl8"
						{parameters "ID=shieldR;"}
						{Position -50.2795	28.7093	-5.16775}
						{VolumeView "shieldl8.ply"}
					}
					{bone "shieldr8"
						{parameters "ID=shieldL;"}
						{Position -50.2795	-29.5432	-2.94854}
						{VolumeView "shieldr8.ply"}
					}
					{bone "shieldr7"
						{parameters "ID=shieldL;"}
						{Position -34.2757	-29.6032	-2.94885}
						{VolumeView "shieldr7.ply"}
					}
					{bone "shieldr6"
						{parameters "ID=shieldL;"}
						{Position -20.7122	-28.6032	-5.16794}
						{VolumeView "shieldr6.ply"}
					}
					{bone "shieldr5"
						{parameters "ID=shieldL;"}
						{Position -7.0727	-29.1467	-5.16757}
						{VolumeView "shieldr5.ply"}
					}
					{bone "shieldr4"
						{parameters "ID=shieldL;"}
						{Position 7.02017	-29.6873	-5.16765}
						{VolumeView "shieldr4.ply"}
					}
					{bone "shieldr3"
						{parameters "ID=shieldL;"}
						{Position 22.481	-30.023	-5.16805}
						{VolumeView "shieldr3.ply"}
					}
					{bone "shieldr2"
						{parameters "ID=shieldL;"}
						{Position 38.6493	-30.4482	-5.17271}
						{VolumeView "shieldr2.ply"}
					}
					{bone "shieldr1"
						{parameters "ID=shieldL;"}
						{Position 49.9981	-29.8084	-4.7422}
						{VolumeView "shieldr1.ply"}
					}
					{bone "shieldr9"
						{parameters "ID=shieldL;"}
						{Position 56.0728	16.5766	-1.33822}
						{VolumeView "shieldr9.ply"}
					}
					{bone "shieldr10"
						{parameters "ID=shieldL;"}
						{Matrix34
							1	0	0
							0	1	0
							0	0	1
							56.0683	0.0564731	-1.33746
						}
						{VolumeView "shieldr10.ply"}
					}
					{bone "shieldl9"
						{parameters "ID=shieldL;"}
						{Position 56.062	-16.5073	-1.33727}
						{VolumeView "shieldl9.ply"}
					}
				}
				{bone revolute "mgun2_rot"
					{limits -5 15}
					{Matrix34
						0.00488605	-0.999942	-0.00959895
						0	-0.00959906	0.999954
						-0.999988	-0.00488582	-4.701e-05
						14.3367	-53.405	6.47284
					}
					{bone revolute "mgun2"
						{limits -15 15}
						{Matrix34
							1	0	0
							0	0	-1
							0	1	0
							0.014328	0.0450478	-0.00682259
						}
						{VolumeView "mgun2.ply"}
					}
				}
				{bone revolute "mgun_rot"
					{limits -5 15}
					{Matrix34
						0.00488605	-0.999942	-0.00959895
						0	-0.00959906	0.999954
						-0.999988	-0.00488582	-4.701e-05
						-13.4811	-53.5405	6.47162
					}
					{bone revolute "mgun"
						{limits -15 15}
						{Matrix34
							1	0	0
							0	0	-1
							0	1	0
							0.0142708	0.0450439	-0.0100317
						}
						{VolumeView "mgun.ply"}
					}
				}
				{bone "vodomet_sh_r"
					{parameters "ID=body;"}
					{Matrix34
						1	0	0
						0	0.997341	-0.0728747
						0	0.0728747	0.997341
						-16.5162	58.219	-7.47735
					}
					{VolumeView "vodomet_sh_r.ply"}
				}
				{bone "vodomet_sh_l"
					{parameters "ID=body;"}
					{Matrix34
						0.00486449	-0.99637	0.0849922
						0.999988	0.00488616	4.69163e-05
						-0.000462032	0.0849911	0.996382
						16.054	58.3767	-7.49095
					}
					{VolumeView "vodomet_sh_l.ply"}
				}
				{bone "desant_cover"
					{parameters "ID=body;"}
					{Matrix34
						0.0048867	-0.999942	-0.00959888
						0	-0.009599	0.999954
						-0.999988	-0.00488647	-4.68908e-05
						0.352262	15.0305	12.3961
					}
					{VolumeView "desant_cover.ply"}
				}
				{bone "vozduhozabornil"
					{parameters "ID=body;"}
					{Matrix34
						0.999575	-0.000279784	0.0291387
						0.000279779	1	0
						-0.0291387	0	0.999575
						-24.0956	22.6673	12.3559
					}
					{VolumeView "vozduhozabornil.ply"}
				}
				{bone revolute "wheell11"
					{parameters "ID=trackleft;"}
					{Matrix34
						0	-1	0
						5.22895e-05	0	-1
						1	0	5.22888e-05
						24.3157	8.69322	-3.88976
					}
					{VolumeView "wheell11.ply"}
				}
				{bone revolute "wheell10"
					{parameters "ID=trackleft;"}
					{Matrix34
						0	-1	0
						5.22895e-05	0	-1
						1	0	5.22888e-05
						22.9198	-3.68342	-4.00844
					}
					{VolumeView "wheell10.ply"}
				}
				{bone revolute "wheell9"
					{parameters "ID=trackleft;"}
					{Matrix34
						0	-1	0
						5.22895e-05	0	-1
						1	0	5.22888e-05
						24.4459	-19.3923	-4.1594
					}
					{VolumeView "wheell9.ply"}
				}
				{bone revolute "wheell1"
					{parameters "ID=trackleft;"}
					{Matrix34
						0	-1	0
						0	0	-1
						1	0	0
						26.333	-42.8112	-6.2383
					}
					{VolumeView "wheell1.ply"}
				}
				{bone revolute "wheell8"
					{parameters "ID=trackleft;"}
					{Matrix34
						0	-1	0
						0	0	-1
						1	0	0
						22.8041	24.2944	-3.73974
					}
					{VolumeView "wheell8.ply"}
				}
				{bone revolute "wheell7"
					{parameters "ID=trackleft;"}
					{Matrix34
						0	-1	0
						0	0	-1
						1	0	0
						24.6426	50.6919	-7.547
					}
					{VolumeView "wheell7.ply"}
				}
				{bone revolute "wheelr7"
					{parameters "ID=trackright;"}
					{Matrix34
						0	-1	0
						0	0	-1
						1	0	0
						-25.603	50.4423	-7.54945
					}
					{VolumeView "wheelr7.ply"}
				}
				{bone revolute "wheelr8"
					{parameters "ID=trackright;"}
					{Matrix34
						0	-1	0
						0	0	-1
						1	0	0
						-23.8193	24.0609	-3.74204
					}
					{VolumeView "wheelr8.ply"}
				}
				{bone revolute "wheelr11"
					{parameters "ID=trackright;"}
					{Matrix34
						0	-1	0
						5.22895e-05	0	-1
						1	0	5.22888e-05
						-25.7767	8.42313	-3.89209
					}
					{VolumeView "wheelr11.ply"}
				}
				{bone revolute "wheelr10"
					{parameters "ID=trackright;"}
					{Matrix34
						0	-1	0
						5.22895e-05	0	-1
						1	0	5.22888e-05
						-23.6259	-3.92204	-4.01065
					}
					{VolumeView "wheelr10.ply"}
				}
				{bone revolute "wheelr9"
					{parameters "ID=trackright;"}
					{Matrix34
						0	-1	0
						5.22892e-05	0	-1
						1	0	5.22891e-05
						-25.5791	-19.6621	-4.16162
					}
					{VolumeView "wheelr9.ply"}
				}
				{bone revolute "wheelr1"
					{parameters "ID=trackright;"}
					{Matrix34
						0	-1	0
						0	0	-1
						1	0	0
						-25.4067	-43.0639	-6.2406
					}
					{VolumeView "wheelr1.ply"}
				}
				{bone "volnorez2"
					{parameters "ID=body;"}
					{Position 0.30454	-54.461	5.77601}
					{VolumeView "volnorez2.ply"}
				}
				{bone "volnorez"
					{parameters "ID=body;"}
					{Matrix34
						1	0	0
						0	0.991299	0.131627
						0	-0.131627	0.991299
						0.381551	-58.3675	4.3178
					}
					{VolumeView "volnorez.ply"}
				}
				{bone "cover_back"
					{Matrix34
						-0.520476	-0.853072	-0.0370678
						0.853814	-0.51942	-0.0347105
						0.0103568	-0.049715	0.99871
						23.2065	16.5696	12.6873
					}
					{VolumeView "cover_back.ply"}
				}
				{bone "part2"
					{parameters "ID=body;"}
					{Position 11.5011	43.8231	6.12398}
					{VolumeView "part2.ply"}
				}
				{bone "part1"
					{parameters "ID=body;"}
					{Position -9.3373	43.7119	6.12298}
					{VolumeView "part1.ply"}
				}
			}
		}
	}
}
{Volume "body1"
	{Polyhedron "body1.vol"}
	{Bone "body"}
	{Matrix34
		-0.999988	-0.00488628	-4.69072e-05
		0	-0.00959901	0.999954
		-0.00488651	0.999942	0.0095989
		0.205538	5.99116	-6.57052
	}
}
{Volume "body"
	{Polyhedron "body.vol"}
	{Bone "body"}
	{Matrix34
		0.0048867	-0.999942	-0.00959888
		0	-0.009599	0.999954
		-0.999988	-0.00488647	-4.68908e-05
		2.36533	1.59681	6.65919
	}
}
{Volume "part1"
	{Polyhedron "part1.vol"}
	{Bone "part1"}
	{Matrix34
		0.0048867	-0.999942	-0.00959895
		0.999988	0.00488647	4.69097e-05
		0	-0.00959906	0.999954
		0.0287657	0.0344315	-0.190811
	}
}
{Volume "part2"
	{Polyhedron "part2.vol"}
	{Bone "part2"}
	{Matrix34
		0.0048867	-0.999942	-0.00959895
		0.999988	0.00488647	4.69097e-05
		0	-0.00959906	0.999954
		0.035923	0.0251122	-0.190849
	}
}
{Volume "part4"
	{Box 6.55308 5.57012 6.03765}
	{Bone "part4"}
	{Matrix34
		0.999942	0.0048866	-0.00959894
		-0.00488638	0.999988	4.69044e-05
		0.00959906	0	0.999954
		-0.0180192	0.022892	0.060673
	}
}
{Volume "part5"
	{Cylinder 2.70001 4.75973}
	{Bone "part5"}
	{Position -0.0215416	0.0118513	0.00182509}
}
{Volume "shieldl9"
	{Box 0.51114 14.0813 18.7325}
	{Bone "shieldl9"}
	{Matrix34
		0.819152	0	-0.573576
		0.573577	0	0.819151
		0	-1	0
		-0.105355	0.0847569	-0.0547383
	}
}
{Volume "shieldr10"
	{Box 0.51114 14.0813 13.9794}
	{Bone "shieldr10"}
	{Matrix34
		0.819152	0	-0.573577
		0.573577	0	0.819151
		0	-1	0
		-0.11158	0.0390306	-0.0545561
	}
}
{Volume "shieldr9"
	{Box 0.51114 14.0813 18.7325}
	{Bone "shieldr9"}
	{Matrix34
		0.819152	0	-0.573576
		0.573577	0	0.819151
		0	-1	0
		-0.116136	-0.00909424	-0.0537866
	}
}
{Volume "trackleft"
	{Polyhedron "trackleft.vol"}
	{Bone "wheelsl"}
	{Matrix34
		0.00488656	-0.00959971	0.999942
		-1.2229e-05	0.999954	0.00959989
		0.999988	5.91238e-05	-0.00488621
		6.44083	2.46261	-13.6603
	}
}
{Volume "trackright"
	{Polyhedron "trackright.vol"}
	{Bone "wheelsr"}
	{Matrix34
		0.00488682	-0.00959905	0.999942
		0	0.999954	0.00959914
		-0.999988	-4.24981e-05	0.00488663
		-7.40383	2.46221	-13.6176
	}
}
{Volume "turret"
	{Polyhedron "turret.vol"}
	{Bone "turret"}
	{Matrix34
		0.999942	0.00488621	-0.00959895
		-0.00488643	0.999988	0
		0.00959883	4.6899e-05	0.999954
		-0.808075	0.0183788	-3.002
	}
}
