;Exported by: Timosh
;Date:        Mon Nov 21 16:32:31 2022
;File:        G:\?????? ? Pheonix\??????????????\??????\?????????\pbp-172 China 120mm mortar PLA\PBP-172 PLA MORTAR 120MM CW final.max
{Skeleton
	{animation
		{sequence "close" {speed 0.3}}
		{sequence "recoil" {speed 0.5}}
	}
	{bone revolute "basis"
		{Orientation
			1	0	0
			0	-1	0
			0	0	1
		}
		{bone "turret"
			{Matrix34
				1	2.1931e-05	-0.000663299
				-1.94377e-05	0.999993	0.00376092
				0.000662995	-0.00376091	0.999993
				-0.105787	0.0821888	0.977335
			}
			{bone "gunner"
				{Matrix34
					0.906588	-0.422018	1.8731e-05
					0.422014	0.906581	-0.00376109
					0.0015695	0.00341765	0.999993
					-0.187755	12.3189	-1.07034
				}
			}
			{bone "commander"
				{Matrix34
					1	0.000662775	1.86936e-05
					-0.00066297	0.999993	-0.00376093
					-2.19482e-05	0.00376091	0.999993
					-1.11935	-14.4716	-0.994504
				}
			}
			{bone "support2"
				{Matrix34
					1	0.000662929	1.91713e-05
					-0.000663278	0.999993	-0.00376093
					-2.24246e-05	0.00376091	0.999993
					-7.77746	-0.0538433	-0.982364
				}
			}
			{bone "support1"
				{Matrix34
					1	0.000662929	1.91713e-05
					-0.000663278	0.999993	-0.00376093
					-2.24246e-05	0.00376091	0.999993
					20.9761	1.28097	-0.959063
				}
			}
			{bone "emit1"
				{Matrix34
					1	0.000662929	1.91713e-05
					-0.000663278	0.999993	-0.00376093
					-2.24246e-05	0.00376091	0.999993
					-1.89018	-11.834	-0.935388
				}
			}
			{bone "emit2"
				{Matrix34
					1	0.000662929	1.91713e-05
					-0.000663278	0.999993	-0.00376093
					-2.24246e-05	0.00376091	0.999993
					-1.37314	11.4033	-1.02208
				}
			}
			{bone "part2"
				{parameters "ID=body;"}
				{Matrix34
					1	-1.95767e-05	0.000663084
					2.20072e-05	0.999993	-0.00376082
					-0.000663405	0.00376081	0.999993
					-0.0632802	-0.102035	0.894065
				}
				{VolumeView "part2.ply"}
				{bone "gun_rot"
					{Matrix34
						0.999999	0.000664262	-0.00134766
						0.00134967	-0.00376052	0.999992
						0.000658299	-0.999993	-0.00376128
						-0.108037	0.0546802	-0.169759
					}
					{bone "body"
						{parameters "ID=body;"}
						{Matrix34
							-0.009392	0.00374936	0.999949
							0.999913	0.00928237	0.00935495
							-0.00924769	0.99995	-0.00383596
							2.07036	-0.556742	-28.6984
						}
						{VolumeView "body.ply"}
						{bone "visor"
							{Matrix34
								-0.00939196	0.999955	-0.00134825
								-0.999949	-0.0093845	0.00376164
								0.00374914	0.0013819	0.999992
								26.0166	18.4754	22.5872
							}
						}
						{bone revolute "foresight1"
							{limits -15 15}
							{speed 0.01}
							{Matrix34
								-0.00231536	0.574683	0.818373
								0.00984301	-0.818322	0.574675
								0.999949	0.00938463	-0.00376166
								28.4719	21.802	27.5505
							}
						}
						{bone "part1"
							{parameters "ID=body;"}
							{Matrix34
								1	0	0
								0	1	0
								0	0	1
								27.1639	17.6032	19.0653
							}
							{VolumeView "part1.ply"}
						}
						{bone revolute "handle"
							{Matrix34
								7.29635e-05	0.814595	-0.58003
								-0.00876599	0.580008	0.814563
								0.999962	0.00502262	0.00718266
								26.2612	13.4674	18.6936
							}
						}
					}
				}
			}
			{bone "charger"
				{Matrix34
					0.500574	-0.865694	1.88891e-05
					0.865688	0.500571	-0.00376126
					0.00324588	0.00189913	0.999993
					26.3948	9.0764	-1.04053
				}
			}
			{bone "emit3"
				{Matrix34
					1	0.000662929	1.91713e-05
					-0.000663278	0.999993	-0.00376093
					-2.24246e-05	0.00376091	0.999993
					21.8977	9.86008	-1.00084
				}
			}
		}
		{bone "driver1"
			{Matrix34
				1	0.000684857	-0.000641197
				-0.000685275	1	0
				0.000640741	0	1
				27.5968	-2.61286	0.00584279
			}
		}
		{bone "driver3"
			{Matrix34
				1	0.000684857	-0.000641197
				-0.000685275	1	0
				0.000640741	0	1
				9.22686	-4.41485	0.0061301
			}
		}
		{bone "driver2"
			{Matrix34
				1	0.000684857	-0.000641197
				-0.000685275	1	0
				0.000640741	0	1
				-8.91522	-0.399823	0.00584279
			}
		}
	}
}
{Volume "gun"
	{Polyhedron "gun.vol"}
	{Bone "body"}
	{Matrix34
		-0.0122149	0.661383	0.749948
		-0.999918	-0.0109183	-0.00665555
		0.00378824	-0.749968	0.661463
		28.5695	9.06922	11.319
	}
}
{Volume "part1"
	{Polyhedron "part1.vol"}
	{Bone "part1"}
	{Matrix34
		-0.0111117	0.923168	-0.384235
		-0.999938	-0.0102514	0.00424184
		-2.71843e-05	0.384263	0.923225
		0.841093	0.958908	-12.386
	}
}
{Volume "part2"
	{Polyhedron "part2.vol"}
	{Bone "part2"}
	{Matrix34
		-0.999978	-0.00642639	0.00135238
		0.00642001	-0.999972	-0.0037607
		0.00137558	-0.00375213	0.999992
		0.428491	0.129988	-2.18226
	}
}
{Volume "select"
	{Box 42.3456 33.7507 4.0686}
	{Bone "basis"}
	{Position 9.09386	0.373982	2.0343}
}
