;Exported by: Timosh
;Date:        Thu Sep 22 18:01:03 2016
;File:        G:\Работа с Pheonix\Редактирование\Мои модели\Прислано Veorockwen\КОРД\Корд с оптическим прицелом final 1.max
{Skeleton
	{animation
		{sequence "close" {speed 0.3}}
		{sequence "fire" {speed 1}}
	}
	{bone revolute "basis"
		{Orientation
			1	0	0
			0	-1	0
			0	0	1
		}
		{bone revolute "support2"
			{Position -14.318	9.15757	0}
		}
		{bone revolute "support1"
			{Position 14.1317	0.035772	0}
		}
		{bone revolute "support3"
			{Position -14.4206	-8.91315	0}
		}
		{bone "driver1"
			{Position -6.67002	5.05462	0}
		}
		{bone "driver2"
			{Position -6.67002	-5.66208	0}
		}
		{bone "body"
			{parameters "ID=body;"}
			{Matrix34
				0.999951	-0.00991686	0
				0.00991686	0.999951	0
				0	0	1
				0	0	0
			}
			{VolumeView "body.ply"}
			{bone "part1"
				{parameters "ID=body;"}
				{Matrix34
					0	-1	0
					1	0	0
					0	0	1
					3.80182	0.0377175	6.92604
				}
				{VolumeView "part1.ply"}
			}
			{bone "part2"
				{parameters "ID=body;"}
				{Matrix34
					-0.427396	-0.904064	0
					0.904064	-0.427396	0
					0	0	1
					-7.82415	5.10132	5.52517
				}
				{VolumeView "part2.ply"}
			}
			{bone "part3"
				{parameters "ID=body;"}
				{Matrix34
					0.52616	-0.850386	0
					0.850386	0.52616	0
					0	0	1
					-7.72173	-5.15289	5.55439
				}
				{VolumeView "part3.ply"}
			}
			{bone revolute "turret1"
				{limits -22 22}
				{speed 0.02}
				{Position 2.03468	0.020209	9.61082}
				{VolumeView "turret1.ply"}
				{bone revolute "mgun_rot"
					{limits -20 30}
					{speed 0.02}
					{Matrix34
						0.999951	0.00991662	0
						0	0	1
						0.00991662	-0.999951	0
						-0.225259	0.0335402	0.0184603
					}
					{bone "mgun"
						{Position -13.888	-0.902223	0.0435549}
						{bone "optics"
							{Matrix34
								1	0	0
								0	0	-1
								0	1	0
								12.1697	-8.49009	-0.305524
							}
						}
						{bone revolute "visor"
							{Matrix34
								0.999951	0.00991645	0
								0	0	-1
								-0.00991644	0.999951	0
								3.23961	5.67316	-0.165568
							}
						}
					}
				}
				{bone "commander"
					{Matrix34
						0.999951	0.00991662	0
						-0.00991662	0.999951	0
						0	0	1
						-29.7449	-12.0519	-9.61082
					}
				}
				{bone "gunner"
					{Matrix34
						0.999951	0.00991662	0
						-0.00991662	0.999951	0
						0	0	1
						-27.9925	2.16313	-9.61082
					}
				}
			}
			{bone revolute "handle"
				{Matrix34
					0	0	-1
					0.999803	0.0198325	0
					0.0198325	-0.999803	0
					-3.04666	0.910338	10.4768
				}
			}
		}
		{bone "emit1"
			{parameters "Group=crew;"}
			{Position -27.2917	0.035772	0}
		}
	}
}
{Volume "body1"
	{Box 13.7795 1.9685 1.9685}
	{Bone "body"}
	{Matrix34
		0.839625	-0.484426	0.245686
		0.498722	0.86675	0.00462232
		-0.215188	0.118648	0.969338
		-4.7185	3.59016	6.5834
	}
}
{Volume "body2"
	{Box 13.7795 1.9685 1.9685}
	{Bone "body"}
	{Matrix34
		0.831527	0.498197	0.245686
		-0.51495	0.857208	0.00462227
		-0.208301	-0.13036	0.969338
		-4.64406	-3.47545	6.5834
	}
}
{Volume "select"
	{Box 44.5588 43.6423 3.20509}
	{Bone "basis"}
	{Position -1.943	-0.481946	1.60255}
}
{Volume "stan1"
	{Box 13.7795 1.9685 1.9685}
	{Bone "part1"}
	{Matrix34
		-0.00842069	0.849053	-0.528241
		-0.999951	-0.00991726	0
		-0.0052387	0.528215	0.849095
		-0.308768	3.97034	-2.14272
	}
}
{Volume "stan2"
	{Box 7.87402 1.9685 1.9685}
	{Bone "part2"}
	{Matrix34
		0.0576456	0.837289	0.543714
		-0.988586	0.12381	-0.0858492
		-0.139198	-0.532558	0.834869
		-0.161954	-4.42287	-2.29666
	}
}
{Volume "stan3"
	{Box 7.87402 1.9685 1.9685}
	{Bone "part3"}
	{Matrix34
		0.0524257	0.837632	0.543713
		-0.989338	0.117646	-0.0858492
		-0.135876	-0.533416	0.834868
		-0.0978784	-4.63503	-2.32588
	}
}
{Extender "preview"
	{"Stuff"
		{camera
			{origin 28.4202	-54.9255	26.1999}
			{lookat 5.054	-0.91284	11.962}
			{fov 45}
		}
		{lights
			{"0"
				{type point}
				{position -1.42322	-5.20258	9.08484}
			}
			{"1"
				{type directional}
				{direction 0.375917	0.263804	-0.197722}
			}
			{"2"
				{type point}
				{position 6.67761	-12.0182	8.73376}
			}
		}
	}
}
