;Exported by: WCW-XAH
;Date:        Sat Sep  3 17:10:56 2022
;File:        O:\WCW_NEV_MODEL_MOD\CANNON\Cannon_Msra_b\2A65_msta_b_modell.max
{Skeleton
	{animation
		{sequence "close"}
		{sequence "recoil"}
	}
	{bone revolute "basis"
		{parameters "Wheelradius=0.5;"}
		{Orientation
			1	0	0
			0	-1	0
			0	0	1
		}
		{bone "body"
			{parameters "ID=Body;"}
			{Matrix34
				0.999987	0	0.00513837
				-0.00513837	0	0.999987
				0	-1	0
				0.894747	-0.051833	11.8405
			}
			{VolumeView "body.ply"}
			{bone revolute "turret"
				{parameters "ID=Turret;"}
				{limits -20 20}
				{Matrix34
					0.999971	-0.00756998	0
					0	0	-1
					0.00756998	0.999971	0
					-5.86426	12.3812	0.126651
				}
				{VolumeView "turret.ply"}
				{bone revolute "gun_rot"
					{parameters "ID=Gun_rot;"}
					{limits -5 45}
					{Matrix34
						0.999993	0	0.00364954
						-0.00364928	0.0120114	0.999921
						-4.38362e-05	-0.999928	0.0120114
						-6.82164	0.231649	1.08007
					}
					{VolumeView "gun_rot.ply"}
					{bone "gun"
						{parameters "ID=Gun;"}
						{Matrix34
							-1	0.000143586	0
							-0.000162645	0.999579	-0.0290259
							0	-0.0290259	-0.999579
							53.8523	-0.491005	-0.502159
						}
						{VolumeView "gun.ply"}
						{bone "fx_invers"
							{Matrix34
								0.999994	0.00322032	-0.000106914
								6.69544e-05	0.0170175	0.999855
								0.00414044	-0.999848	0.0170172
								55.8409	-0.152292	-0.713264
							}
						}
						{bone "foresight1"
							{parameters "Vis;"}
							{Matrix34
								-0.999994	-0.00321814	0.000157865
								-6.64588e-05	0.0650196	0.997884
								-0.00414034	0.997877	-0.0650193
								-74.8456	0.37299	-0.568938
							}
						}
					}
					{bone "visor"
						{parameters "Vis;"}
						{Matrix34
							0.999999	-0.00121743	-1.48624e-05
							0	0.0120111	-0.999928
							0.00121738	0.999927	0.0120111
							-6.5211	18.632	-7.94506
						}
					}
				}
				{bone revolute "gunner"
					{Matrix34
						0.906305	-0.422618	0.00220378
						0.422617	0.906308	0.00102777
						-0.00243166	0	0.999997
						-14.7344	14.1378	-23.9248
					}
				}
				{bone revolute "commander"
					{Matrix34
						0	1	0
						-0.999997	0	-0.00243165
						-0.00243165	0	0.999997
						-17.6054	-9.46595	-23.9318
					}
				}
			}
			{bone "standr"
				{parameters "ID=standr;"}
				{Matrix34
					0.906124	0.00753281	-0.422946
					-0.0101866	0.99994	-0.00401452
					0.42289	0.00794601	0.906146
					-6.54494	0.63548	8.23011
				}
				{VolumeView "standr.ply"}
				{bone "shankr"
					{parameters "Vis;"}
					{Matrix34
						0.998685	-0.00815861	0.050604
						0.050658	0.00648362	-0.998695
						0.00781987	0.999946	0.00688839
						-72.3517	-10.8287	-0.707371
					}
				}
			}
			{bone "standl"
				{parameters "ID=standl;"}
				{Matrix34
					0.906318	0.0189535	0.422171
					-0.014378	0.999798	-0.0140194
					-0.422352	0.00663603	0.906408
					-6.46512	0.63507	-9.04394
				}
				{VolumeView "standl.ply"}
				{bone "shankl"
					{parameters "Vis;"}
					{Matrix34
						0.998357	-0.0288974	0.0494758
						0.0496555	0.00551436	-0.998751
						0.0285885	0.999567	0.00694022
						-72.7544	-10.0367	-0.228947
					}
				}
			}
			{bone "pivot_back"
				{Matrix34
					0.999987	-0.00513837	0
					0	0	-1
					0.00513837	0.999987	0
					-72.771	-10.5584	-0.261941
				}
			}
			{bone "pivot_front"
				{parameters "ID=body;"}
				{Matrix34
					0.999987	-0.00513837	0
					0	0	-1
					0.00513837	0.999987	0
					-0.931205	-11.2518	-0.261949
				}
			}
			{bone "visor2"
				{parameters "Vis;"}
				{Matrix34
					0.999987	-0.0051379	0
					0	0	-1
					0.0051379	0.999987	0
					6.87179	24.9609	-0.648753
				}
			}
			{bone "link1"
				{Matrix34
					-0.996629	-0.0820372	0.000387343
					0.000385283	4.09408e-05	1
					-0.0820372	0.996629	0
					-95.2675	-8.9244	-0.00863884
				}
			}
			{bone "stand"
				{parameters "ID=stand;"}
				{Matrix34
					0.999987	-0.00513837	0
					0	0	-1
					0.00513837	0.999987	0
					6.62704	2.58391	0
				}
				{VolumeView "stand.ply"}
			}
			{bone revolute "wheelr1"
				{parameters "ID=wheelright;Support=1;Radius=0.5;"}
				{Matrix34
					0.42727	0.904124	0
					0.904124	-0.42727	0
					0	0	-1
					-0.909022	-2.00475	18.6323
				}
				{VolumeView "wheelr1.ply"}
			}
			{bone revolute "wheell1"
				{parameters "ID=wheelleft;Support=1;Radius=0.5;"}
				{Matrix34
					0.0296027	0.999562	0
					0.999562	-0.0296024	0
					0	0	-1
					-0.909154	-2.00455	-18.6782
				}
				{VolumeView "wheell1.ply"}
			}
		}
		{bone "driver1"
			{Matrix34
				0.984128	0.17746	0
				-0.17746	0.984128	0
				0	0	1
				-17.7868	-20.4153	0.455002
			}
		}
		{bone "driver2"
			{Matrix34
				0.985473	-0.169834	0
				0.169834	0.985473	0
				0	0	1
				-17.7868	19.0601	0.455006
			}
		}
		{bone "emit1"
			{Matrix34
				0.999993	0.00387078	0
				-0.00387078	0.999993	0
				0	0	1
				-103.435	-28.0763	0.455002
			}
		}
		{bone "emit2"
			{Matrix34
				0.999992	0.00387078	0
				-0.00387078	0.999992	0
				0	0	1
				-103.135	28.535	0.455006
			}
		}
		{bone revolute "seat0"
			{Matrix34
				0	-1	0
				1	0	0
				0	0	1
				-22.6962	-15.6324	4.97191
			}
		}
		{bone revolute "seat1"
			{Matrix34
				0	-1	0
				1	0	0
				0	0	1
				-35.7634	-15.6324	4.44332
			}
		}
		{bone revolute "seat2"
			{Matrix34
				0	1	0
				-1	0	0
				0	0	1
				-35.7634	15.8644	4.44332
			}
		}
		{bone revolute "seat3"
			{Matrix34
				0	1	0
				-1	0	0
				0	0	1
				-22.4524	15.8644	4.44332
			}
		}
	}
}
{Volume "body"
	{Polyhedron "body.vol"}
	{Bone "body"}
	{Matrix34
		0.999987	-0.00513837	0
		0.00513837	0.999987	0
		0	0	1
		-9.90799	1.73055	-0.171325
	}
}
{Volume "gun2"
	{Polyhedron "gun2.vol"}
	{Bone "gun_rot"}
	{Matrix34
		0.999999	-0.00121784	-1.46282e-05
		0.00121793	0.999927	0.0120116
		0	-0.0120116	0.999928
		-1.70636	2.05914	-0.041594
	}
}
{Volume "gun"
	{Polyhedron "gun.vol"}
	{Bone "gun"}
	{Matrix34
		-0.999999	-0.00107334	4.41648e-05
		-0.00138061	0.999157	-0.0410302
		0	-0.0410303	-0.999158
		25.0715	2.49501	-0.532713
	}
}
{Volume "standl"
	{Polyhedron "standl.vol"}
	{Bone "standl"}
	{Matrix34
		0.997975	0.0636088	0.000646018
		-0.0636111	0.997965	0.00442627
		-0.000363321	-0.0044584	0.99999
		-79.9598	-3.51979	-1.75475
	}
}
{Volume "standr"
	{Polyhedron "standr.vol"}
	{Bone "standr"}
	{Matrix34
		0.997277	0.0737457	0.000687165
		-0.073748	0.997267	0.00439156
		-0.000361534	-0.00443028	0.99999
		-79.8397	-4.32971	-2.54326
	}
}
{Volume "turret"
	{Polyhedron "turret.vol"}
	{Bone "gun_rot"}
	{Matrix34
		0.999999	-0.00121736	-1.47819e-05
		0.00121745	0.999927	0.0120116
		0	-0.0120116	0.999928
		8.72589	-4.16694	-0.261278
	}
}
{Volume "wheell1"
	{Polyhedron "wheell1.vol"}
	{Bone "wheell1"}
	{Matrix34
		0.0244659	0.999701	0
		0.999701	-0.0244653	0
		0	0	-1
		-0.00617218	-0.242286	-0.0392399
	}
}
{Volume "wheelr1"
	{Polyhedron "wheelr1.vol"}
	{Bone "wheelr1"}
	{Matrix34
		0.422618	0.906308	0
		0.906308	-0.422618	0
		0	0	-1
		-0.0109529	-0.0234122	-0.0337849
	}
}
