;Exported by: Timosh
;Date:        Tue Jul 12 20:08:38 2022
;File:        G:\?????? ? Pheonix\??????????????\??????\?????? ? ???????\???\???????????? ??????????? ???????\x 10.max
{Skeleton
	{bone "f2r4"
		{Orientation
			1	0	0
			0	-1	0
			0	0	1
		}
		{bone "piece1"
			{Position 1.85667	23.0369	-14.1964}
			{VolumeView "piece1.ply"}
		}
		{bone "piece2"
			{Matrix34
				0.573576	0	0.819152
				0	1	0
				-0.819152	0	0.573576
				21.8241	-7.31916	2.01091
			}
			{VolumeView "piece2.ply"}
		}
		{bone "piece3"
			{Matrix34
				1	0	0
				0	0.34202	0.939693
				0	-0.939693	0.34202
				-22.4247	-14.2509	14.1113
			}
			{VolumeView "piece3.ply"}
		}
		{bone "piece4"
			{Matrix34
				0.573576	0	0.819152
				0	1	0
				-0.819152	0	0.573576
				-3.12671	21.2825	2.63493
			}
			{VolumeView "piece4.ply"}
		}
		{bone "piece5"
			{Matrix34
				1	0	0
				0	0.34202	0.939693
				0	-0.939693	0.34202
				-31.6795	13.4137	1.02205
			}
			{VolumeView "piece5.ply"}
		}
	}
}
{Volume "piece1"
	{Box 22.0965 5.92027 18.4371}
	{Bone "piece1"}
	{Position 0	0	0}
}
{Volume "piece2"
	{Box 9.35011 30.6857 23.7592}
	{Bone "piece2"}
	{Position 1.1312	0	1.56733}
}
{Volume "piece3"
	{Box 23.4701 2.31854 25.507}
	{Bone "piece3"}
	{Position 0	0.000137329	-0.000337601}
}
{Volume "piece4"
	{Box 12.5203 22.7469 22.8793}
	{Bone "piece4"}
	{Position 0.85733	0	0.697403}
}
{Volume "piece5"
	{Box 23.4484 2.34316 24.1837}
	{Bone "piece5"}
	{Position 0	1.53085	0.645298}
}
