;Exported by: Администратор
;Date:        Fri Mar 15 17:25:27 2013
;File:        G:\Работа с Pheonix\Редактирование\Мои модели\Прислано Furial\Ми-24\mi-24V final 1.max
{Skeleton
	{bone "basis"
		{parameters "SteerMax=45;Wheelradius=0.3;"}
		{Orientation
			1	0	0
			0	-1	0
			0	0	1
		}
		{bone "pivot_front"
			{Position 60.7568	-0.481834	0.268903}
			{bone "support1"
				{Position -0.0437202	-0.101728	6.00818}
			}
		}
		{bone "pivot_back"
			{Position -24.7491	-0.481834	0.268903}
			{bone "support2"
				{Position 0.639418	28.7815	6.1704}
			}
			{bone "support3"
				{Position 0.639629	-27.6234	6.17051}
			}
		}
		{bone "body"
			{Matrix34
				0.997564	0	0.0697566
				-0.000973954	0.999903	0.0139282
				-0.0697498	-0.0139622	0.997467
				-7.65284	-0.43683	31.301
			}
			{parameters "ID=body;"}
			{VolumeView "body.ply"}
			{bone "dvornik1"
				{Position 85.8223	0.645982	5.57559}
				{VolumeView "dvornik1.ply"}
				{bone "dvornik1a"
					{Position -3.30756	-4.1638	3.80176}
					{VolumeView "dvornik1a.ply"}
				}
			}
			{bone "glass3"
				{Position 100.188	-6.68506	-3.49135}
				{VolumeView "glass3.ply"}
			}
			{bone "glass6"
				{Position 72.7122	3.08078	8.86314}
				{VolumeView "glass6.ply"}
			}
			{bone "sideglassr"
				{Position 1.00104	-15.491	0.875168}
				{VolumeView "sideglassr.ply"}
			}
			{bone "glass1"
				{Position 107.214	6.23858	-5.70033}
				{VolumeView "glass1.ply"}
			}
			{bone "armored_glass"
				{Position 109.921	-0.0431167	-5.51058}
				{VolumeView "armored_glass.ply"}
			}
			{bone "armored_glass1"
				{Position 82.3917	0.714148	9.44601}
				{VolumeView "armored_glass1.ply"}
			}
			{bone "glass4"
				{Position 80.6413	-6.4257	7.65012}
				{VolumeView "glass4.ply"}
			}
			{bone "sideglassl"
				{Position 1.55899	17.3782	2.06011}
				{VolumeView "sideglassl.ply"}
			}
			{bone "dvornik"
				{Position 111.59	-0.069411	-9.60003}
				{VolumeView "dvornik.ply"}
				{bone "dvornik2a"
					{Matrix34
						0.967898	0.240687	-0.0724178
						-0.204906	0.588745	-0.781916
						-0.145562	0.771654	0.619163
						-1.47536	-3.74841	3.64423
					}
					{VolumeView "dvornik2a.ply"}
				}
			}
			{bone "gunner_hatch"
				{Position 98.1158	-4.46332	3.24476}
				{VolumeView "gunner_hatch.ply"}
				{bone "glass2"
					{Position 0.107689	7.34647	-4.57346}
					{VolumeView "glass2.ply"}
				}
			}
			{bone "driver_hatch"
				{Position 58.5911	-10.47	5.30286}
				{VolumeView "driver_hatch.ply"}
				{bone "glass5"
					{Position 8.30831	3.13494	4.09307}
					{VolumeView "glass5.ply"}
				}
			}
			{bone "part1"
				{Position -17.0704	-14.162	-12.6575}
				{VolumeView "part1.ply"}
			}
			{bone "part2"
				{Position -17.376	17.1942	-12.7179}
				{VolumeView "part2.ply"}
			}
			{bone "part3"
				{Position -35.2001	-2.09711	-18.3533}
				{VolumeView "part3.ply"}
			}
			{bone "part4"
				{Position -34.694	5.22656	-18.5061}
				{VolumeView "part4.ply"}
			}
			{bone "elevator2"
				{Position -171.978	-14.9669	18.4418}
				{VolumeView "elevator2.ply"}
			}
			{bone "anten_r"
				{Position -116.91	-15.2887	22.6603}
				{VolumeView "anten_r.ply"}
			}
			{bone "elevator1"
				{Position -171.785	20.5768	19.0267}
				{VolumeView "elevator1.ply"}
			}
			{bone "anten_l"
				{Position -116.33	19.3852	23.8386}
				{VolumeView "anten_l.ply"}
			}
			{bone "doorl"
				{Position 26.4226	16.1609	-13.4174}
				{VolumeView "doorl.ply"}
				{bone "podkos_l"
					{Position 11.2841	-0.485689	3.138}
					{VolumeView "podkos_l.ply"}
				}
			}
			{bone "doorl1"
				{Position 26.3606	16.1535	9.68109}
				{VolumeView "doorl1.ply"}
				{bone "doorglassl"
					{Position -0.0474625	0.637014	-7.67016}
					{VolumeView "doorglassl.ply"}
				}
			}
			{bone "doorr"
				{Position 25.8887	-14.4247	-14.5026}
				{VolumeView "doorr.ply"}
				{bone "podkos_r"
					{Position 11.3876	0.021677	3.25877}
					{VolumeView "podkos_r.ply"}
				}
			}
			{bone "door_r1"
				{Position 25.8264	-15.4128	8.59123}
				{VolumeView "door_r1.ply"}
				{bone "doorglassr"
					{Position -0.0637436	-0.189439	-7.68657}
					{VolumeView "doorglassr.ply"}
				}
			}
			{bone "propeller"
				{parameters "ID=propeller;"}
				{Position 3.29413	0.159632	41.0004}
				{VolumeView "propeller.ply"}
			}
			{bone "visor1"
				{Position 87.5022	-1.36016	8.42615}
			}
			{bone "visor2"
				{Position 104.122	-6.93245	-26.6889}
			}
			{bone "driver1"
				{Matrix34
					0.999231	0	0.0392131
					0	1	0
					-0.0392132	0	0.999231
					92.5382	0.296011	-23.8359
				}
			}
			{bone "driver"
				{Matrix34
					0.99086	0	-0.134897
					0	1	0
					0.134897	0	0.99086
					67.2946	0.907904	-13.2907
				}
			}
			{bone "seat00"
				{Matrix34
					0	1	0
					-1	0	0
					0	0	1
					27.7145	4.62328	-15.4419
				}
			}
			{bone "seat02"
				{Matrix34
					0	1	0
					-1	0	0
					0	0	1
					17.5375	4.62328	-15.4419
				}
			}
			{bone "seat04"
				{Matrix34
					0	1	0
					-1	0	0
					0	0	1
					6.82004	4.62328	-15.4419
				}
			}
			{bone "seat06"
				{Matrix34
					0	1	0
					-1	0	0
					0	0	1
					-3.77276	4.62328	-15.4419
				}
			}
			{bone "seat07"
				{Matrix34
					0	-1	0
					1	0	0
					0	0	1
					-3.77276	-4.72158	-15.4419
				}
			}
			{bone "seat05"
				{Matrix34
					0	-1	0
					1	0	0
					0	0	1
					4.49627	-4.72158	-15.4419
				}
			}
			{bone "seat03"
				{Matrix34
					0	-1	0
					1	0	0
					0	0	1
					17.5544	-4.72158	-15.4419
				}
			}
			{bone "seat01"
				{Matrix34
					0	-1	0
					1	0	0
					0	0	1
					27.2989	-4.72158	-15.4419
				}
			}
			{bone revolute "foresight_flare_1a"
				{Matrix34
					0.996195	0	-0.0871552
					0.0871552	0	0.996195
					0	-1	0
					-137.346	11.9698	-6.36768
				}
				{bone revolute "foresight_flare_1"
					{Position 0	0	-2.23362}
				}
			}
			{bone "fxsmoke2"
				{Matrix34
					-0.707107	-0.707107	0
					0.707107	-0.707107	0
					0	0	1
					16.7658	-15.0225	16.1346
				}
			}
			{bone "fxsmoke1"
				{Matrix34
					-0.422618	0.906308	0
					-0.906308	-0.422618	0
					0	0	1
					16.9849	16.0954	22.8107
				}
			}
			{bone "flare1_shooter"
				{Matrix34
					-0.422618	0.906308	0
					-0.906308	-0.422618	0
					0	0	1
					-144.75	7.40201	6.06825
				}
			}
			{bone "flare2_shooter"
				{Matrix34
					-0.422618	-0.906308	0
					0.906308	-0.422618	0
					0	0	1
					-144.632	-1.60285	5.0186
				}
			}
			{bone "emit2"
				{Matrix34
					0	-0.999903	0.0139623
					0.997564	-0.000974124	-0.0697498
					0.0697566	0.0139283	0.997467
					24.3164	30.8429	-33.5117
				}
				{visibility 0}
			}
			{bone "emit3"
				{Matrix34
					0	0.999903	-0.0139622
					-0.997564	0.000973966	0.0697498
					0.0697566	0.0139282	0.997467
					23.7615	-28.5319	-32.6438
				}
				{visibility 0}
			}
			{bone "emit0"
				{Matrix34
					0	1	0
					-1	0	0
					0	0	1
					76.1716	-25.5589	-33.0745
				}
				{visibility 0}
			}
			{bone "emit1"
				{Matrix34
					0	-1	0
					1	0	0
					0	0	1
					83.0577	21.1656	-30.3163
				}
				{visibility 0}
			}
			{bone "fxlight"
				{Matrix34
					0.989561	0	-0.144116
					0	1	0
					0.144116	0	0.989561
					79.4041	15.0211	-14.2812
				}
			}
			{bone "headlightl"
				{Matrix34
					0.989561	0	-0.144116
					0	1	0
					0.144116	0	0.989561
					78.9261	15.1394	-13.7617
				}
			}
		}
	}
}
