;Exported by: Kasutaja
;Date:        Sun Nov  6 11:15:43 2022
;File:        D:\??????? ????\??? GEM2\????????? 3? ??????? Cold War ?????????\Cold War 2010\?????? ? Pheonix\??????????????\??????\??????????\PL-66 - D-20\PL-66 1.max
{Skeleton
	{animation
		{sequence "close"}
		{sequence "recoil"}
	}
	{bone revolute "basis"
		{parameters "Wheelradius=0.5;"}
		{Orientation
			1	0	0
			0	-1	0
			0	0	1
		}
		{bone "body"
			{parameters "ID=Body;"}
			{Matrix34
				0.999987	0	0.00513837
				-0.00513837	0	0.999987
				0	-1	0
				-4.46112	-0.630377	11.0571
			}
			{VolumeView "body.ply"}
			{bone revolute "turret"
				{parameters "ID=Turret;"}
				{limits -20 20}
				{Matrix34
					0.999971	-0.00756998	0
					0	0	-1
					0.00756998	0.999971	0
					0.310496	10.0027	-0.00777841
				}
				{VolumeView "turret.ply"}
				{bone revolute "gun_rot"
					{parameters "ID=Gun_rot;"}
					{limits -5 45}
					{Matrix34
						0.999993	0	0.00364954
						-0.00364928	0.0120114	0.999921
						-4.38362e-05	-0.999928	0.0120114
						-4.87659	0.53678	3.34571
					}
					{VolumeView "gun_rot.ply"}
					{bone "gun"
						{parameters "ID=Gun;"}
						{Matrix34
							-1	0.000143586	0
							-0.000162645	0.999579	-0.0290259
							0	-0.0290259	-0.999579
							36.4268	-0.813093	0.876109
						}
						{VolumeView "gun.ply"}
						{bone "fx_invers"
							{Matrix34
								0.999994	0.00322032	-0.000106914
								6.69544e-05	0.0170175	0.999855
								0.00414044	-0.999848	0.0170172
								48.0345	0.489779	-0.0499463
							}
						}
						{bone "foresight1"
							{parameters "Vis;"}
							{Matrix34
								-0.999994	-0.00321814	0.000157865
								-6.64588e-05	0.0650196	0.997884
								-0.00414034	0.997877	-0.0650193
								-47.8603	-0.687704	-0.358406
							}
						}
					}
					{bone "visor"
						{parameters "Vis;"}
						{Matrix34
							0.999999	-0.00121743	-1.48624e-05
							0	0.0120111	-0.999928
							0.00121738	0.999927	0.0120111
							-9.30065	20.2806	-6.52158
						}
					}
				}
				{bone revolute "gunner"
					{Matrix34
						0.906305	-0.422618	0.00220378
						0.422617	0.906308	0.00102777
						-0.00243166	0	0.999997
						-15.575	15.2468	-20.0037
					}
				}
				{bone revolute "commander"
					{Matrix34
						0	1	0
						-0.999997	0	-0.00243165
						-0.00243165	0	0.999997
						-18.446	-8.35701	-20.0107
					}
				}
				{bone "rukojatka"
					{Matrix34
						0.999997	0	0.00243187
						0	1	0
						-0.00243187	0	0.999997
						-3.14219	8.9884	-3.59799
					}
					{VolumeView "rukojatka.ply"}
				}
				{bone "mehanizm"
					{Matrix34
						0.999997	0	0.00243187
						0	1	0
						-0.00243187	0	0.999997
						-0.195893	-0.383412	-2.20445
					}
					{VolumeView "mehanizm.ply"}
				}
			}
			{bone "standr"
				{parameters "ID=standr;"}
				{Matrix34
					0.94952	0.0074395	-0.313618
					-0.0074829	0.999971	0.00106539
					0.313617	0.00133516	0.949549
					-0.743466	-0.220152	11.2643
				}
				{VolumeView "standr.ply"}
				{bone "shankr"
					{parameters "Vis;"}
					{Matrix34
						0.998685	-0.00815861	0.0506042
						0.0506579	0.00648362	-0.998695
						0.00781987	0.999946	0.00688839
						-88.2619	-9.64298	6.26704
					}
				}
			}
			{bone "standl"
				{parameters "ID=standl;"}
				{Matrix34
					0.969241	0.0189072	0.245385
					-0.0157627	0.999767	-0.0147723
					-0.245607	0.01045	0.969313
					-0.666074	-0.537486	-10.388
				}
				{VolumeView "standl.ply"}
				{bone "shankl"
					{parameters "Vis;"}
					{Matrix34
						0.998357	-0.0288974	0.0494758
						0.0496554	0.00551436	-0.998751
						0.0285885	0.999567	0.00694022
						-87.114	-8.28379	-7.90664
					}
				}
			}
			{bone "pivot_back"
				{Matrix34
					0.999987	-0.00513837	0
					0	0	-1
					0.00513837	0.999987	0
					-67.4071	-9.00951	-1.50531
				}
			}
			{bone "pivot_front"
				{parameters "ID=body;"}
				{Matrix34
					0.999987	-0.00513837	0
					0	0	-1
					0.00513837	0.999987	0
					4.43269	-9.70285	-1.50531
				}
			}
			{bone "visor2"
				{parameters "Vis;"}
				{Matrix34
					0.999987	-0.0051379	0
					0	0	-1
					0.0051379	0.999987	0
					4.93007	14.9447	-11.0446
				}
			}
			{bone "link1"
				{Matrix34
					-0.996629	-0.0820372	0.000387343
					0.000385283	4.09408e-05	1
					-0.0820372	0.996629	0
					-89.9037	-7.37549	-1.252
				}
			}
			{bone "stand"
				{parameters "ID=stand;"}
				{Matrix34
					0.999987	-0.00513837	0
					0	0	-1
					0.00513837	0.999987	0
					10.5448	2.02463	0.136339
				}
				{VolumeView "stand.ply"}
			}
			{bone revolute "wheelr1"
				{parameters "ID=wheelright;Support=1;Radius=0.5;"}
				{Matrix34
					0.42727	0.904124	0
					0.904124	-0.42727	0
					0	0	-1
					4.45487	-0.455845	18.321
				}
				{VolumeView "wheelr1.ply"}
			}
			{bone revolute "wheell1"
				{parameters "ID=wheelleft;Support=1;Radius=0.5;"}
				{Matrix34
					0.0296027	0.999562	0
					0.999562	-0.0296024	0
					0	0	-1
					4.45474	-0.455644	-18.2725
				}
				{VolumeView "wheell1.ply"}
			}
		}
		{bone "driver1"
			{Matrix34
				0.984128	0.17746	0
				-0.17746	0.984128	0
				0	0	1
				-17.7868	-20.4153	0.455002
			}
		}
		{bone "driver2"
			{Matrix34
				0.985473	-0.169834	0
				0.169834	0.985473	0
				0	0	1
				-17.7868	19.0601	0.455006
			}
		}
		{bone "emit1"
			{Matrix34
				0.999993	0.00387078	0
				-0.00387078	0.999993	0
				0	0	1
				-103.435	-28.0763	0.455002
			}
		}
		{bone "emit2"
			{Matrix34
				0.999992	0.00387078	0
				-0.00387078	0.999992	0
				0	0	1
				-103.135	28.535	0.455006
			}
		}
		{bone revolute "seat00"
			{Matrix34
				0	-1	0
				1	0	0
				0	0	1
				-22.6962	-19.4035	4.97191
			}
		}
		{bone revolute "seat1"
			{Matrix34
				0	-1	0
				1	0	0
				0	0	1
				-35.7634	-17.6091	2.05729
			}
		}
		{bone revolute "seat2"
			{Matrix34
				0	1	0
				-1	0	0
				0	0	1
				-35.7634	16.3944	2.05729
			}
		}
		{bone revolute "seat03"
			{Matrix34
				0	1	0
				-1	0	0
				0	0	1
				-22.4524	18.191	4.44332
			}
		}
	}
}
{Volume "body"
	{Polyhedron "body.vol"}
	{Bone "body"}
	{Matrix34
		0.999987	-0.00513837	0
		0.00513837	0.999987	0
		0	0	1
		-5.49405	2.1809	0.00699079
	}
}
{Volume "gun2"
	{Polyhedron "gun2.vol"}
	{Bone "gun_rot"}
	{Matrix34
		0.999999	-0.00121784	-1.46282e-05
		0.00121793	0.999927	0.0120116
		0	-0.0120116	0.999928
		-14.0248	3.30149	0.910906
	}
}
{Volume "gun"
	{Polyhedron "gun.vol"}
	{Bone "gun"}
	{Matrix34
		-0.999999	-0.00107334	4.41648e-05
		-0.00138061	0.999157	-0.0410302
		0	-0.0410303	-0.999158
		20.4125	2.58677	-0.172451
	}
}
{Volume "standl"
	{Polyhedron "standl.vol"}
	{Bone "standl"}
	{Matrix34
		0.993576	0.0632965	0.0938054
		-0.0632263	0.997992	-0.00372428
		-0.0938529	-0.00223061	0.995584
		-82.2563	-3.16097	-10.8911
	}
}
{Volume "standr"
	{Polyhedron "standr.vol"}
	{Bone "standr"}
	{Matrix34
		0.994722	0.0744978	-0.0705524
		-0.0739357	0.997207	0.0105482
		0.0711412	-0.00527623	0.997452
		-80.0476	-4.37938	2.96227
	}
}
{Volume "turret"
	{Polyhedron "turret.vol"}
	{Bone "gun_rot"}
	{Matrix34
		0.996088	-0.0883684	-1.47821e-05
		0.0883622	0.996016	0.0120116
		-0.00104672	-0.0119659	0.999928
		5.78315	-2.54922	0.452467
	}
}
{Volume "wheell1"
	{Polyhedron "wheell1.vol"}
	{Bone "wheell1"}
	{Matrix34
		0.0244659	0.999701	0
		0.999701	-0.0244653	0
		0	0	-1
		-0.00617218	-0.242286	-0.0392399
	}
}
{Volume "wheelr1"
	{Polyhedron "wheelr1.vol"}
	{Bone "wheelr1"}
	{Matrix34
		0.422618	0.906308	0
		0.906308	-0.422618	0
		0	0	-1
		-0.0109529	-0.0234122	-0.0337849
	}
}
