;Exported by: Timosh
;Date:        Mon Aug 15 15:20:32 2022
;File:        G:\?????? ? Pheonix\??????????????\??? ??????\??????\????????? ???????\???????????? ?????\30 ????????.max
{Skeleton
	{bone "basis"
		{Orientation
			1	0	0
			0	-1	0
			0	0	1
		}
	}
}
{Volume "wall1"
	{Box 13.7795 1.37795 9.84252}
	{Bone "basis"}
	{Matrix34
		0.965926	0.258819	0
		-0.258819	0.965926	0
		0	0	1
		2.51905	1.9682	-0.76874
	}
}
{Volume "wall2"
	{Box 13.7795 1.37795 9.84252}
	{Bone "basis"}
	{Matrix34
		0.965926	-0.258819	0
		0.258819	0.965926	0
		0	0	1
		2.23759	-1.55292	-0.76874
	}
}
{Volume "wall3"
	{Box 13.7795 9.84252 1.37795}
	{Bone "basis"}
	{Matrix34
		0.965926	0	0.258819
		0	1	0
		-0.258819	0	0.965926
		2.9771	0	2.22646
	}
}
{Volume "wall4"
	{Box 13.7795 9.84252 1.37795}
	{Bone "basis"}
	{Matrix34
		0.965926	0	-0.258819
		0	1	0
		0.258819	0	0.965926
		2.78822	0	-2.31206
	}
}
