;Exported by: Timosh
;Date:        Sat Aug  6 09:49:08 2022
;File:        G:\?????? ? Pheonix\??????????????\??????\????????\SWITCHBLADE 300 UAV\mesh\switchblade 300 4.max
{Skeleton
	{animation
		{sequence "basis" {speed 0.1}}
		{sequence "engine_start" {speed 0.6}}
		{sequence "engine_work" {speed 0.6}}
		{sequence "engine_stop" {speed 0.6}}
		{sequence "fly" {speed 0.3}}
		{sequence "damage_fly" {speed 0.3}}
		{sequence "on_start" {speed 0.3}}
	}
	{bone "basis"
		{parameters "SteerMax=20;Wheelradius=0.15;"}
		{Orientation
			1	0	0
			0	-1	0
			0	0	1
		}
		{bone revolute "rudder_proj"
			{limits -20 20}
			{speed 0.04}
			{Matrix34
				1	0	0
				0	-1	0
				0	0	-1
				-0.940851	0	1.02293
			}
			{bone revolute "elevator_proj"
				{limits -20 20}
				{speed 0.04}
				{Matrix34
					1	0	0
					0	0	1
					0	-1	0
					2.77382	0	0
				}
			}
		}
		{bone "pivot_front"
			{Position 6.47495	0	0}
			{bone "supportfront"
				{parameters "support;"}
				{Position 1.03631	0	0}
			}
		}
		{bone "pivot_back"
			{Position -8.68785	0	0}
			{bone "supportleft"
				{parameters "support;"}
				{Position -0.736462	14.2106	0}
			}
			{bone "supportright"
				{parameters "support;"}
				{Position -0.886197	-14.17	0}
			}
		}
		{bone "body"
			{parameters "ID=body;"}
			{Position 0	0	0.316227}
			{VolumeView "body.ply"}
			{bone "body_systems"
				{Position 0.211578	0	-0.500523}
			}
			{bone "kolpak"
				{parameters "ID=body;"}
				{Position -7.65396	0	-0.394967}
				{VolumeView "kolpak.ply"}
				{bone "propeller"
					{parameters "ID=body;"}
					{Position 0	0.00531578	0.0119374}
					{VolumeView "propeller.ply"}
				}
				{bone "propeller_work1"
					{Matrix34
						0	-0.520844	0.853652
						0	-0.853652	-0.520844
						1	0	0
						2.15014	-0.000303268	0.0119377
					}
					{visibility 0}
					{VolumeView "propeller_work1.ply"}
				}
			}
			{bone "ir_2gen_emitter"
				{Position 0.952493	0.0472794	0.470484}
			}
			{bone "ir_1gen_emitter"
				{Position -0.314622	0.0472794	0.470484}
			}
			{bone "wingl1"
				{parameters "ID=body;"}
				{Matrix34
					0	1	0
					-1	0	0
					0	0	1
					1.03975	0	-1.04708
				}
				{VolumeView "wingl1.ply"}
			}
			{bone "wingr1"
				{parameters "ID=body;"}
				{Matrix34
					0	-1	0
					1	0	0
					0	0	1
					1.03966	0	-1.10789
				}
				{VolumeView "wingr1.ply"}
			}
			{bone "wingl2"
				{parameters "ID=body;"}
				{Matrix34
					0	-1	0
					1	0	0
					0	0	1
					-4.81185	0	-0.928463
				}
				{VolumeView "wingl2.ply"}
			}
			{bone "wingr2"
				{parameters "ID=body;"}
				{Matrix34
					0	1	0
					-1	0	0
					0	0	1
					-4.81176	0	-0.989496
				}
				{VolumeView "wingr2.ply"}
			}
			{bone "tailr"
				{parameters "ID=body;"}
				{Matrix34
					0.696364	-0.122788	0.707107
					-0.173648	-0.984808	0
					0.696364	-0.122788	-0.707107
					-4.88248	-0.413875	-0.536157
				}
				{VolumeView "tailr.ply"}
			}
			{bone "taill"
				{parameters "ID=body;"}
				{Matrix34
					0.696364	0.122788	0.707107
					0.173648	-0.984808	0
					0.696364	0.122788	-0.707107
					-4.88123	0.397146	-0.537955
				}
				{VolumeView "taill.ply"}
			}
			{bone "aiming_mark"
				{Position 2.41108	0	-0.228496}
			}
			{bone revolute "foresight1_rot"
				{limits -40 40}
				{speed 1}
				{Matrix34
					1	0	0
					0	0	1
					0	-1	0
					1.52021	0	-1.75913
				}
				{bone revolute "foresight1"
					{limits -25 25}
					{speed 1}
					{Matrix34
						1	0	0
						0	0	-1
						0	1	0
						0.243561	0	0
					}
					{bone "visor_ols"
			        }
					{bone "visor_ols1"
			        }
					{bone "foresight_spawn"
				    {Position -1.01187	0	-0.401172}
			        }
				}
			}
			
		}
	}
}
{Obstacle "rectangle1"
	{Obb2
		{Center -1.91867 0}
		{Extent 3.64615 4.73204}
		{Axis -1 1.74846e-07}
	}
	{Rotate}
}
{Volume "ammo_storage_mgun"
	{Box 1.49862 0.698183 0.856589}
	{Bone "body_systems"}
	{Position 0.444109	0	-0.0129592}
}
{Volume "body"
	{Polyhedron "body.vol"}
	{Bone "body"}
	{Matrix34
		0	0	-1
		0	1	0
		1	0	0
		-5.29852	0	-0.53498
	}
}
{Volume "electronics"
	{Box 1.85014 0.698183 0.271589}
	{Bone "body_systems"}
	{Position -1.38843	0	-0.298745}
}
{Volume "engine"
	{Box 4.77868 0.784573 0.537391}
	{Bone "body"}
	{Matrix34
		0.999431	0	0.0337252
		0	1	0
		-0.0337252	0	0.999431
		-2.54322	0	-0.371806
	}
}
{Volume "ols1"
	{Box 0.299723 0.64931 0.261938}
	{Bone "body_systems"}
	{Position 1.7904	-0.071302	-0.426229}
}
{Volume "ols"
	{Cylinder 0.454132 0.928535}
	{Bone "body_systems"}
	{Matrix34
		0	0	-1
		0	1	0
		1	0	0
		1.70157	0	0.104546
	}
}
{Volume "pilot_panel"
	{Box 0.280143 0.612441 0.271589}
	{Bone "body_systems"}
	{Position -2.66644	0	-0.298745}
}
{Volume "steering_eler_l"
	{Box 0.787402 0.177165 0.177165}
	{Bone "body_systems"}
	{Position 0.854804	0.2666	-0.562205}
}
{Volume "steering_eler_r"
	{Box 0.787402 0.177165 0.177165}
	{Bone "body_systems"}
	{Position 0.854804	-0.170632	-0.562205}
}
{Volume "taill"
	{Box 0.536918 0.0626128 2.19949}
	{Bone "taill"}
	{Matrix34
		0.704416	-0.0871558	-0.704416
		-0.000234319	0.992404	-0.123022
		0.709787	0.0868239	0.699045
		0.581035	0.00933937	0.590702
	}
}
{Volume "tailr"
	{Box 0.536615 0.0675178 2.1959}
	{Bone "tailr"}
	{Matrix34
		0.704416	0.0871557	-0.704416
		0.000234497	0.992404	0.123022
		0.709787	-0.0868241	0.699045
		0.587928	-0.0645125	0.583817
	}
}
{Volume "wingl1"
	{Box 0.831031 6.09043 0.0682765}
	{Bone "wingl1"}
	{Position -0.101176	3.05131	-0.0251941}
}
{Volume "wingl2"
	{Box 1.0858 5.05055 0.0571241}
	{Bone "wingl2"}
	{Position 0.0627346	2.52974	-0.0196095}
}
{Volume "wingr1"
	{Box 0.831047 6.08935 0.0658646}
	{Bone "wingr1"}
	{Position -0.101094	-3.06883	-0.0240464}
}
{Volume "wingr2"
	{Box 1.08675 5.05029 0.0570263}
	{Bone "wingr2"}
	{Position 0.0622292	-2.55139	-0.0194872}
}
