;Exported by: Timosh
;Date:        Mon Jun 27 19:53:21 2022
;File:        G:\?????? ? Pheonix\??????????????\??????\?????? ? ???????\???\???????????? ??????????? ??????? 2\usa_cottage_1st_2 x 7.max
{Skeleton
	{bone "3"
		{Orientation
			1	0	0
			0	-1	0
			0	0	1
		}
		{bone "piece2"
			{Matrix34
				0	1	0
				-3.27388e-05	0	-1
				-1	0	3.27388e-05
				-13.5389	10.7117	33.9026
			}
			{VolumeView "piece2.ply"}
		}
		{bone "piece3"
			{Matrix34
				0	1	0
				-3.27388e-05	0	-1
				-1	0	3.27388e-05
				-12.5047	20.1124	28.6113
			}
			{VolumeView "piece3.ply"}
		}
		{bone "piece4"
			{Matrix34
				0	1	0
				-3.27388e-05	0	-1
				-1	0	3.27388e-05
				4.3867	16.5512	36.0056
			}
			{VolumeView "piece4.ply"}
		}
		{bone "piece9"
			{Matrix34
				0	1	0
				-3.27388e-05	0	-1
				-1	0	3.27388e-05
				-14.4413	22.5156	14.2332
			}
			{VolumeView "piece9.ply"}
		}
		{bone "piece7"
			{Matrix34
				0	1	0
				-0.000112371	0	-1
				-1	0	0.000112371
				-16.3668	-4.60957	10.1642
			}
			{VolumeView "piece7.ply"}
		}
		{bone "piece6"
			{Matrix34
				0	1	0
				-0.000308828	0	-1
				-1	0	0.000308828
				-15.1001	-14.5737	31.3429
			}
			{VolumeView "piece6.ply"}
		}
		{bone "piece1"
			{Matrix34
				0	1	0
				-3.27388e-05	0	-1
				-1	0	3.27388e-05
				-14.4302	21.0797	39.0599
			}
			{VolumeView "piece1.ply"}
		}
		{bone "piece5"
			{Matrix34
				0	1	0
				-3.27388e-05	0	-1
				-1	0	3.27388e-05
				11.2197	16.8863	11.7966
			}
			{VolumeView "piece5.ply"}
		}
		{bone "piece8"
			{Matrix34
				0	1	0
				-0.833841	0	-0.552005
				-0.552005	0	0.833841
				-1.3136	-17.0429	65.7739
			}
			{VolumeView "piece8.ply"}
		}
		{bone "piece10"
			{Matrix34
				0	1	0
				-0.833841	0	-0.552005
				-0.552005	0	0.833841
				-8.42049	11.5097	60.9752
			}
			{VolumeView "piece10.ply"}
		}
	}
}
{Volume "piece10"
	{Box 5.67934 52.0177 37.4792}
	{Bone "piece10"}
	{Matrix34
		0	-0.0260954	-0.99966
		1	0	0
		0	-0.99966	0.0260954
		2.3813e-05	0	0
	}
}
{Volume "piece1"
	{Box 4.73179 20.8472 24.1135}
	{Bone "piece1"}
	{Matrix34
		2.31077e-05	-2.31919e-05	-1
		0.999993	-0.003636	2.31919e-05
		-0.003636	-0.999993	2.31077e-05
		-0.0438384	8.58307e-05	-0.000110494
	}
}
{Volume "piece2"
	{Box 0.265907 0.111374 0.358398}
	{Bone "piece2"}
	{Matrix34
		2.31077e-05	-2.31919e-05	-1
		0.999993	-0.003636	2.31919e-05
		-0.003636	-0.999993	2.31077e-05
		-0.000643939	0	0
	}
}
{Volume "piece3"
	{Box 0.817276 9.73879 0.859016}
	{Bone "piece3"}
	{Matrix34
		2.31077e-05	-2.31919e-05	-1
		0.999993	-0.003636	2.31919e-05
		-0.003636	-0.999993	2.31077e-05
		-0.00156932	0	0
	}
}
{Volume "piece4"
	{Box 34.6003 6.76199 24.8662}
	{Bone "piece4"}
	{Matrix34
		2.31077e-05	-2.31919e-05	-1
		0.999993	-0.003636	2.31919e-05
		-0.003636	-0.999993	2.31077e-05
		-0.0452067	8.39233e-05	-0.000117058
	}
}
{Volume "piece5"
	{Box 23.829 4.41593 23.4538}
	{Bone "piece5"}
	{Matrix34
		2.31077e-05	-2.31919e-05	-1
		0.999993	-0.003636	2.31919e-05
		-0.003636	-0.999993	2.31077e-05
		-0.0426313	7.34329e-05	-0.000118118
	}
}
{Volume "piece6"
	{Box 7.36316 20.2596 23.7199}
	{Bone "piece6"}
	{Matrix34
		0.000218437	-0.000218479	-1
		1	-0.000192362	0.000218479
		-0.000192356	-1	0.000218437
		-0.00228133	0	-0.00107146
	}
}
{Volume "piece7"
	{Box 9.87712 20.6891 20.5813}
	{Bone "piece7"}
	{Matrix34
		7.9437e-05	-7.94791e-05	-1
		1	-0.000529951	7.94791e-05
		-0.000529939	-1	7.9437e-05
		-0.00546868	0	-0.000342208
	}
}
{Volume "piece8"
	{Box 5.17407 19.3617 24.4191}
	{Bone "piece8"}
	{Matrix34
		0	-0.0260954	-0.99966
		1	0	0
		0	-0.99966	0.0260954
		0	-1.04904e-05	-1.36793e-05
	}
}
{Volume "piece9"
	{Box 4.7138 21.2407 23.6399}
	{Bone "piece9"}
	{Matrix34
		2.31077e-05	-2.31919e-05	-1
		0.999993	-0.003636	2.31919e-05
		-0.003636	-0.999993	2.31077e-05
		-0.0429775	7.62939e-05	-0.000108337
	}
}
