;Exported by: ??????
;Date:        Sun Oct 22 16:23:24 2017
;File:        G:\?????? ???\----????? 72\?????? ?-72\?-72 ????\??????\T-72? ??????_ntcnjdsq 'rcgjhn].max
{Skeleton
	{animation
		{sequence "start"}
		{sequence "stop"}
		{sequence "fire"}
		{sequence "open"}
		{sequence "open1"}
		{sequence "fire_front" {speed 0.7}}
		{sequence "fire_left" {speed 0.7}}
		{sequence "fire_right" {speed 0.7}}
		{sequence "fire_back" {speed 0.7}}
		{sequence "open_driver" {speed 0.4} {resume}}
		{sequence "open_sight" {speed 0.4} {resume}}
	}
	{bone "basis"
		{parameters "open_shield;Wheelradius=0.45;"}
		{Orientation
			1	0	0
			0	-1	0
			0	0	1
		}
		{bone "wheel"
			{Position 2.83891	2.71528	3.98532}
			{bone "wheelsr"
				{Position 0	-25.0641	0}
				{bone prizmatic "suspension_r3"
					{limits -0.2 0.1}
					{Matrix34
						0	-1	0
						1	0	0
						0	0	1
						11.5575	-1.68983	4.95027
					}
					{bone revolute "wheelr4"
						{parameters "ID=trackright;"}
						{Matrix34
							0	1	0
							0	0	-1
							-1	0	0
							3.95942	-1.23259	0.0187578
						}
						{LODView
							{VolumeView "wheelr5.ply"}
							{VolumeView "wheelr4_lod1.ply"}
						}
					}
				}
				{bone prizmatic "suspension_r2"
					{limits -0.2 0.1}
					{Matrix34
						0	-1	0
						1	0	0
						0	0	1
						28.5231	-1.68982	4.95027
					}
					{bone revolute "wheelr3"
						{parameters "ID=trackright;"}
						{Matrix34
							0	1	0
							0	0	-1
							-1	0	0
							4.61012	-1.54663	0.000597
						}
						{LODView
							{VolumeView "wheelr5.ply"}
							{VolumeView "wheelr4_lod1.ply"}
						}
					}
				}
				{bone prizmatic "suspension_r1"
					{limits -0.2 0.1}
					{Matrix34
						0	-1	0
						1	0	0
						0	0	1
						45.4242	-1.68983	4.95027
					}
					{bone revolute "wheelr2"
						{parameters "ID=trackright;"}
						{Matrix34
							0	1	0
							0	0	-1
							-1	0	0
							4.61011	-1.11421	0.00060463
						}
						{LODView
							{VolumeView "wheelr5.ply"}
							{VolumeView "wheelr4_lod1.ply"}
						}
					}
				}
				{bone prizmatic "suspension_r5"
					{limits -0.2 0.1}
					{Matrix34
						0	-1	0
						1	0	0
						0	0	1
						-22.2572	-1.68982	4.95027
					}
					{bone revolute "wheelr6"
						{parameters "ID=trackright;"}
						{Matrix34
							0	1	0
							0	0	-1
							-1	0	0
							4.61014	-1.61055	0.000591278
						}
						{LODView
							{VolumeView "wheelr5.ply"}
							{VolumeView "wheelr4_lod1.ply"}
						}
					}
				}
				{bone prizmatic "suspension_r6"
					{limits -0.2 0.1}
					{Matrix34
						0	-1	0
						1	0	0
						0	0	1
						-39.8438	-1.68983	4.95027
					}
					{bone revolute "wheelr7"
						{parameters "ID=trackright;"}
						{Matrix34
							0	1	0
							0	0	-1
							-1	0	0
							4.61015	-1.04275	0.000594139
						}
						{LODView
							{VolumeView "wheelr5.ply"}
							{VolumeView "wheelr4_lod1.ply"}
						}
					}
				}
				{bone prizmatic "suspension_r4"
					{limits -0.2 0.1}
					{Matrix34
						0	-1	0
						1	0	0
						0	0	1
						-5.22813	-1.68982	4.95027
					}
					{bone revolute "wheelr5"
						{parameters "ID=trackright;"}
						{Matrix34
							0	1	0
							0	0	-1
							-1	0	0
							4.01867	-1.70062	0.0160313
						}
						{LODView
							{VolumeView "wheelr5.ply"}
							{VolumeView "wheelr4_lod1.ply"}
						}
					}
				}
				{bone "trackr"
					{parameters "ID=trackright;"}
					{Matrix34
						-1	0	0
						0	-1	0
						0	0	1
						0.656983	-5.84356	7.10295
					}
					{VolumeView "trackr.ply"}
				}
			}
			{bone "wheelsl"
				{Position 0	19.1988	0}
				{bone prizmatic "suspension_l6"
					{limits -0.2 0.1}
					{Matrix34
						0	-1	0
						1	0	0
						0	0	1
						-40.6566	1.55005	4.95027
					}
					{bone revolute "wheell7"
						{parameters "ID=trackleft;"}
						{Matrix34
							0	1	0
							0	0	-1
							-1	0	0
							-4.67079	-0.0336647	0.0196247
						}
						{LODView
							{VolumeView "wheell5.ply"}
							{VolumeView "wheell4_lod1.ply"}
						}
					}
				}
				{bone prizmatic "suspension_l4"
					{limits -0.2 0.1}
					{Matrix34
						0	-1	0
						1	0	0
						0	0	1
						-6.04093	1.55006	4.95027
					}
					{bone revolute "wheell5"
						{parameters "ID=trackleft;"}
						{Matrix34
							0	1	0
							0	0	-1
							-1	0	0
							-4.07462	-0.120426	0.0160313
						}
						{LODView
							{VolumeView "wheell5.ply"}
							{VolumeView "wheell4_lod1.ply"}
						}
					}
				}
				{bone prizmatic "suspension_l3"
					{limits -0.2 0.1}
					{Matrix34
						0	-1	0
						1	0	0
						0	0	1
						10.7447	1.55005	4.95027
					}
					{bone revolute "wheell4"
						{parameters "ID=trackleft;"}
						{Matrix34
							0	1	0
							0	0	-1
							-1	0	0
							-4.13388	-0.0920677	0.0187578
						}
						{LODView
							{VolumeView "wheell5.ply"}
							{VolumeView "wheell4_lod1.ply"}
						}
					}
				}
				{bone prizmatic "suspension_l2"
					{limits -0.2 0.1}
					{Matrix34
						0	-1	0
						1	0	0
						0	0	1
						27.7103	1.55006	4.95027
					}
					{bone revolute "wheell3"
						{parameters "ID=trackleft;"}
						{Matrix34
							0	1	0
							0	0	-1
							-1	0	0
							-4.13384	-0.0686512	0.0187654
						}
						{LODView
							{VolumeView "wheell5.ply"}
							{VolumeView "wheell4_lod1.ply"}
						}
					}
				}
				{bone prizmatic "suspension_l1"
					{limits -0.2 0.1}
					{Matrix34
						0	-1	0
						1	0	0
						0	0	1
						44.6114	1.55005	4.95027
					}
					{bone revolute "wheell2"
						{parameters "ID=trackleft;"}
						{Matrix34
							0	1	0
							0	0	-1
							-1	0	0
							-4.67079	-0.0637093	0.0196323
						}
						{LODView
							{VolumeView "wheell5.ply"}
							{VolumeView "wheell4_lod1.ply"}
						}
					}
				}
				{bone "trackl"
					{parameters "ID=trackleft;"}
					{Matrix34
						-1	0	0
						0	-1	0
						0	0	1
						3.88284	5.68017	7.10294
					}
					{VolumeView "trackl.ply"}
				}
				{bone prizmatic "suspension_l5"
					{limits -0.2 0.1}
					{Matrix34
						0	-1	0
						1	0	0
						0	0	1
						-23.126	1.55005	4.95027
					}
					{bone revolute "wheell6"
						{parameters "ID=trackleft;"}
						{Matrix34
							0	1	0
							0	0	-1
							-1	0	0
							-4.13387	0.0282402	0.0187731
						}
						{LODView
							{VolumeView "wheell5.ply"}
							{VolumeView "wheell4_lod1.ply"}
						}
					}
				}
			}
		}
		{bone "fxtracer1"
			{Matrix34
				0	1	0
				-1	0	0
				0	0	1
				48.7503	27.9232	0.282539
			}
		}
		{bone "fxtracel1"
			{Matrix34
				0	1	0
				-1	0	0
				0	0	1
				48.7503	-28.2463	0.282539
			}
		}
		{bone "fxtracel2"
			{Matrix34
				0	1	0
				-1	0	0
				0	0	1
				-38.3426	-28.2464	0.282539
			}
		}
		{bone "fxtracer2"
			{Matrix34
				0	1	0
				-1	0	0
				0	0	1
				-38.3426	27.9231	0.282539
			}
		}
		{bone "emit1"
			{Matrix34
				0	-1	0
				1	0	0
				0	0	1
				-11.1773	48.795	0
			}
		}
		{bone "emit2"
			{Matrix34
				0	1	0
				-1	0	0
				0	0	1
				0.8362	-48.219	0
			}
		}
		{bone "emit0"
			{Matrix34
				0	-1	0
				1	0	0
				0	0	1
				46.6113	48.795	0
			}
		}
		{bone "fire_body_bone"
			{Matrix34
				0	1	0
				-1	0	0
				0	0	1
				-3.07087	-0.236222	19.4685
			}
			{bone "body"
				{parameters "ID=body;"}
				{Matrix34
					1	0	-2.32523e-05
					0	1	0
					2.32523e-05	0	1
					-0.0103762	0	0.0174351
				}
				{LODView
					{VolumeView "body.ply"}
					{VolumeView "body_lod1.ply"}
				}
				{bone "body_detail2"
					{parameters "ID=body;"}
					{Position -0.0652264	-53.1341	1.41214}
					{VolumeView "body_detail2.ply"}
				}
				{bone revolute "wheell9"
					{Matrix34
						0	-1	0
						0	0	-1
						1	0	0
						24.0457	-41.7349	-0.590263
					}
					{VolumeView "wheell9.ply"}
				}
				{bone revolute "wheell10"
					{Matrix34
						0	-1	0
						0	0	-1
						1	0	0
						24.0457	-8.2329	-0.590263
					}
					{VolumeView "wheell10.ply"}
				}
				{bone revolute "wheell11"
					{Matrix34
						0	-1	0
						0	0	-1
						1	0	0
						24.0456	24.6614	-0.590263
					}
					{VolumeView "wheell11.ply"}
				}
				{bone revolute "wheelr11"
					{Matrix34
						0	-1	0
						0	0	-1
						1	0	0
						-23.9786	24.6614	-0.590256
					}
					{VolumeView "wheelr11.ply"}
				}
				{bone revolute "wheelr10"
					{Matrix34
						0	-1	0
						0	0	-1
						1	0	0
						-23.9786	-8.23291	-0.590256
					}
					{VolumeView "wheelr10.ply"}
				}
				{bone revolute "wheelr9"
					{Matrix34
						0	-1	0
						0	0	-1
						1	0	0
						-23.9786	-41.7349	-0.590256
					}
					{VolumeView "wheelr9.ply"}
				}
				{bone revolute "wheell8"
					{parameters "ID=trackleft;"}
					{Matrix34
						0	-1	0
						0	0	-1
						1	0	0
						28.9647	48.9187	-4.23839
					}
					{VolumeView "wheell8.ply"}
				}
				{bone revolute "wheelr8"
					{parameters "ID=trackright;"}
					{Matrix34
						0	-1	0
						0	0	-1
						1	0	0
						-28.9711	48.9187	-4.27033
					}
					{VolumeView "wheelr8.ply"}
				}
				{bone revolute "wheell1"
					{parameters "ID=trackleft;"}
					{Matrix34
						0	-1	0
						0	0	-1
						1	0	0
						28.2399	-62.6176	-3.77374
					}
					{VolumeView "wheell1.ply"}
				}
				{bone revolute "wheelr1"
					{parameters "ID=trackright;"}
					{Matrix34
						0	-1	0
						0	0	-1
						1	0	0
						-28.4675	-62.6477	-3.8039
					}
					{VolumeView "wheelr1.ply"}
				}
				{bone "exhaust_system_72"
					{parameters "ID=body;"}
					{Position 27.8876	33.9155	7.5621}
					{VolumeView "exhaust_system_72.ply"}
					{bone "fxsmoke1"
						{Matrix34
							0.965926	0	-0.258819
							0.258819	0	0.965926
							0	-1	0
							6.48477	-3.26436	-1.7613
						}
					}
					{bone "fxsmoke2"
						{Matrix34
							0.965926	0	-0.258819
							0.258819	0	0.965926
							0	-1	0
							6.48477	1.50732	-1.7613
						}
					}
				}
				{bone "body_detail"
					{parameters "ID=body;"}
					{Position 0.0541108	-50.5367	2.72404}
					{VolumeView "body_detail.ply"}
					{bone "headlightl"
						{Matrix34
							0	-1	0
							0	0	1
							-1	0	0
							16.6125	-5.87138	1.38035
						}
					}
					{bone "headlightr"
						{Matrix34
							0	-1	0
							0	0	1
							-1	0	0
							-15.6826	-5.87138	1.46629
						}
					}
					{bone "fxlight"
						{Matrix34
							0	-1	0
							0	0	1
							-1	0	0
							0.0629782	-5.87138	1.14633
						}
					}
				}
				{bone "detail_brevno"
					{Position -0.040174	63.9332	0.618296}
					{VolumeView "detail_brevno.ply"}
				}
				{bone "barrel_krep"
					{Position 1.29708	67.6493	4.3908}
					{VolumeView "barrel_krep.ply"}
				}
				{bone "rabber_bort"
					{Position 0.0700186	2.85038	6.08179}
					{VolumeView "rabber_bort.ply"}
				}
				{bone "otval1"
					{Position -0.0171707	-43.5911	-11.9407}
					{VolumeView "otval1.ply"}
					{bone "otval2"
						{Position 0.0172321	-9.02246	0.0850916}
						{VolumeView "otval2.ply"}
					}
				}
				{bone "shieldr6"
					{parameters "ID=shield_body;"}
					{Position -27.9117	62.4278	1.97715}
					{VolumeView "shieldr6.ply"}
				}
				{bone "shieldl2"
					{parameters "ID=shield_body;"}
					{Position 34.2755	-44.4949	-0.336273}
					{VolumeView "shieldl2.ply"}
					{bone "dz_shil_l_1"
						{Matrix34
							-0.00012184	1	0
							-1	-0.00017486	-0.000840663
							-0.000840669	0	1
							0.348297	11.6388	3.07129
						}
						{VolumeView "dz_shil_l_1.ply"}
						{bone "d_a9"
							{Matrix34
								1	0	0
								0	1.55728e-05	1
								0	-1	1.55725e-05
								-12.5192	-0.270943	-6.60694
							}
							{VolumeView "d_a9.ply"}
						}
						{bone "d_a10"
							{Matrix34
								1	0	0
								0	1.558e-05	1
								0	-1	1.55665e-05
								-18.7417	-0.272896	-3.27634
							}
							{VolumeView "d_a10.ply"}
						}
						{bone "d_a11"
							{Matrix34
								1	0	0
								0	1.55728e-05	1
								0	-1	1.55725e-05
								-6.27943	-0.271706	-6.6069
							}
							{VolumeView "d_a11.ply"}
						}
						{bone "d_a12"
							{Matrix34
								1	0	0
								0	1.55741e-05	1
								0	-1	1.5568e-05
								0.0261726	-0.272449	-6.60686
							}
							{VolumeView "d_a12.ply"}
						}
					}
				}
				{bone "shieldl3"
					{parameters "ID=shield_body;"}
					{Position 34.2755	-17.7655	-0.368622}
					{VolumeView "shieldl3.ply"}
					{bone "dz_shil_l_2"
						{Matrix34
							-0.000121959	1	0
							-1	-0.000174979	-0.000840657
							-0.00084067	0	1
							0.348297	10.961	3.10364
						}
						{VolumeView "dz_shil_l_2.ply"}
						{bone "d_a1"
							{Matrix34
								1	0	0
								0	1.55719e-05	1
								0	-1	1.55733e-05
								-18.7981	-0.272881	-3.27636
							}
							{VolumeView "d_a1.ply"}
						}
						{bone "d_a2"
							{Matrix34
								1	0	0
								0	1.56764e-05	1
								0	-1	1.56894e-05
								-12.5583	-0.273647	-3.2763
							}
							{VolumeView "d_a2.ply"}
						}
						{bone "d_a3"
							{Matrix34
								1	0	0
								0	1.5566e-05	1
								0	-1	1.55803e-05
								0.0262215	-0.277878	0.0209885
							}
							{VolumeView "d_a3.ply"}
						}
						{bone "d_a4"
							{Matrix34
								1	0	0
								0	1.55662e-05	1
								0	-1	1.5585e-05
								-6.2527	-0.277115	0.0209484
							}
							{VolumeView "d_a4.ply"}
						}
					}
				}
				{bone "shieldl4"
					{parameters "ID=shield_body;"}
					{Position 34.2755	8.80915	-0.409601}
					{VolumeView "shieldl4.ply"}
				}
				{bone "shieldl5"
					{parameters "ID=shield_body;"}
					{Position 34.2755	40.8485	-0.443449}
					{VolumeView "shieldl5.ply"}
				}
				{bone "shieldl6"
					{parameters "ID=shield_body;"}
					{Position 27.9118	62.4278	1.97715}
					{VolumeView "shieldl6.ply"}
				}
				{bone "shieldr2"
					{parameters "ID=shield_body;"}
					{Position -34.2754	-44.4918	-0.336281}
					{VolumeView "shieldr2.ply"}
					{bone "dz_shil_r1"
						{Matrix34
							0.000121992	-1	0
							1	0.000175011	-0.000793906
							0.000793958	0	1
							-0.332779	11.694	3.06969
						}
						{VolumeView "dz_shil_r1.ply"}
						{bone "d_a5"
							{Matrix34
								1	0	0
								0	1.53388e-05	1
								0	-1	1.5321e-05
								18.794	-0.277485	-3.2761
							}
							{VolumeView "d_a5.ply"}
						}
						{bone "d_a6"
							{Matrix34
								1	0	0
								0	1.53388e-05	1
								0	-1	1.5321e-05
								12.5715	-0.274014	-6.60678
							}
							{VolumeView "d_a6.ply"}
						}
						{bone "d_a7"
							{Matrix34
								1	0	0
								0	1.55668e-05	1
								0	-1	1.55782e-05
								0.0262108	-0.277893	0.0209866
							}
							{VolumeView "d_a7.ply"}
						}
						{bone "d_a8"
							{Matrix34
								1	0	0
								0	1.5558e-05	1
								0	-1	1.55925e-05
								6.33179	-0.27597	-3.27618
							}
							{VolumeView "d_a8.ply"}
						}
					}
				}
				{bone "shieldr3"
					{parameters "ID=shield_body;"}
					{Position -34.2754	-17.7655	-0.368637}
					{VolumeView "shieldr3.ply"}
					{bone "dz_shil_r_2"
						{Matrix34
							0.000121991	-1	0
							1	0.000175012	-0.000794365
							0.000794452	0	1
							-0.332794	11.0192	3.10205
						}
						{VolumeView "dz_shil_r_2.ply"}
						{bone "d_a13"
							{Matrix34
								1	0	0
								0	1.49789e-05	1
								0	-1	1.49721e-05
								0.0262215	-0.277878	0.0209942
							}
							{VolumeView "d_a13.ply"}
						}
						{bone "d_a14"
							{Matrix34
								1	0	0
								0	1.4965e-05	1
								0	-1	1.49852e-05
								6.30511	-0.273232	-6.60683
							}
							{VolumeView "d_a14.ply"}
						}
						{bone "d_a15"
							{Matrix34
								1	0	0
								0	1.49789e-05	1
								0	-1	1.49721e-05
								21.9736	-0.280579	0.0211411
							}
							{VolumeView "d_a15.ply"}
						}
						{bone "d_a16"
							{Matrix34
								1	0	0
								0	1.49789e-05	1
								0	-1	1.49721e-05
								12.6108	-0.279423	0.0210876
							}
							{VolumeView "d_a16.ply"}
						}
					}
				}
				{bone "shieldr4"
					{parameters "ID=shield_body;"}
					{Position -34.2754	8.80916	-0.409609}
					{VolumeView "shieldr4.ply"}
				}
				{bone "shieldr5"
					{parameters "ID=shield_body;"}
					{Position -34.2754	40.8485	-0.443457}
					{VolumeView "shieldr5.ply"}
				}
				{bone "torsion"
					{Matrix34
						1	0	0
						0	-1	0
						0	0	1
						-0.0186538	-10.9506	-9.44572
					}
					{VolumeView "torsion.ply"}
				}
				{bone "body_system"
					{Position 0.229353	-9.13886	-19.2666}
				}
				{bone "visor2"
					{Matrix34
						0	-1	0
						0	0	1
						-1	0	0
						-0.0294607	-38.5277	7.58801
					}
				}
				{bone "fxstop2"
					{Matrix34
						0	1	0
						0	0	1
						1	0	0
						23.6647	61.7575	5.64559
					}
				}
				{bone "fxstop1"
					{Matrix34
						0	1	0
						0	0	1
						1	0	0
						-23.6449	61.7575	5.64559
					}
				}
				{bone "fxfire1"
					{Matrix34
						0	0	1
						0	1	0
						-1	0	0
						4.62637	49.5544	8.5503
					}
				}
				{bone "driver_cover"
					{parameters "ID=body;"}
					{Position -6.97532	-34.569	7.42297}
					{VolumeView "driver_cover.ply"}
				}
				{bone revolute "turret"
					{parameters "ID=turret;"}
					{speed 0.0065}
					{Position -0.0221226	-2.83375	14.8155}
				{LODView
					{VolumeView "turret.ply"}
					{VolumeView "turret_lod1.ply"}
				}
					{bone "ammo_box2"
						{Matrix34
							0.894158	0.144209	-0.423893
							-0.12516	0.989476	0.0726111
							0.429903	-0.0118716	0.902797
							-22.3109	-0.214808	3.41704
						}
						{VolumeView "ammo_box2.ply"}
					}
					{bone "shell_cover"
						{Matrix34
							0	-0.942693	0.33366
							1	0	0
							0	0.33366	0.942693
							3.33078	13.6457	5.59703
						}
						{VolumeView "shell_cover.ply"}
					}
					{bone "shieldl10"
						{parameters "ID=shield_turret;"}
						{Position -0.625762	27.2162	0.647873}
						{VolumeView "shieldl10.ply"}
						{bone "enumerator4"
							{Matrix34
								-0.999991	0.00431599	-1.23976e-05
								0.0020861	0.485848	0.874041
								0.00377837	0.874032	-0.485853
								-0.652475	2.85946	-1.02883
							}
							{VolumeView "number4.ply"}
						}
					}
					{bone "meteodatchik_72"
						{Position 7.38061	17.8331	7.73211}
						{VolumeView "meteodatchik_72.ply"}
						{bone "fxstop3"
							{Matrix34
								0	1	0
								0	0	1
								1	0	0
								-1.48299	0.835041	2.70332
							}
						}
					}
					{bone "shieldl8"
						{parameters "ID=shield_turret;"}
						{Position -20.7199	11.2999	-1.28584}
						{VolumeView "shieldl8.ply"}
						{bone "enumerator2"
							{Matrix34
								-0.514484	-0.8575	-1.19456e-05
								-0.416654	0.249972	0.874021
								-0.74947	0.449675	-0.485888
								-4.3852	2.22354	-1.2945
							}
							{VolumeView "number2.ply"}
						}
						{bone "ammo_box3"
							{Matrix34
								2.20869e-05	3.40754e-05	-1
								-0.838798	0.544444	0
								0.544444	0.838798	4.06045e-05
								0.0632668	6.09462	5.24549
							}
							{VolumeView "ammo_box3.ply"}
						}
					}
					{bone "visor1"
						{Matrix34
							0	-1	0
							0	0	1
							-1	0	0
							14.138	-3.04907	6.95297
						}
					}
					{bone "visor3"
						{Matrix34
							0	-1	0
							0	0	1
							-1	0	0
							8.64455	-12.2925	4.60849
						}
					}
					{bone revolute "mgun"
						{parameters "ID=mgun_pkt;"}
						{limits -5 15}
						{speed 0.01}
						{Matrix34
							0	-1	0
							0	0	1
							-1	0	0
							-6.89984	-19.5974	-3.41402
						}
						{VolumeView "mgun.ply"}
						{bone "foresight5"
							{Position 2.9976	0.0106335	0.00703192}
						}
					}
					{bone revolute "mgun_turret"
						{parameters "ID=mgun_turret;"}
						{speed 0.002}
						{Matrix34
							0.965926	0.258819	0
							-0.258819	0.965926	0
							0	0	1
							-11.7822	5.73644	7.88485
						}
						{VolumeView "mgun_turret.ply"}
						{bone revolute "mgun_rot"
							{parameters "ID=mgun;"}
							{limits -10 40}
							{speed 0.01}
							{Matrix34
								0	1	0
								0	0	1
								1	0	0
								14.95	9.81673	1.42949
							}
							{VolumeView "mgun_rot.ply"}
							{bone "nsvt"
								{Matrix34
									1	0	0
									0	0	-1
									0	1	0
									7.28831	3.53247	-14.4389
								}
								{VolumeView "nsvt.ply"}
								{bone "foresight3"
									{Position 29.1272	0.357361	0.308041}
								}
							}
						}
						{bone "fxfire3"
							{Matrix34
								0	0	1
								0	1	0
								-1	0	0
								-0.332752	2.7582	-0.832417
							}
						}
						{bone "visor4"
							{Matrix34
								0	-1	0
								0	0	1
								-1	0	0
								-0.0630436	-7.45129	0.415718
							}
						}
						{bone "detail_com_shitok"
							{Position 13.5998	5.10795	1.22255}
							{VolumeView "detail_com_shitok.ply"}
						}
						{bone revolute "gunner2"
							{Matrix34
								0	0.999916	0.0129332
								-1	0	0
								0	-0.0129332	0.999916
								-0.378539	2.4701	-19.0377
							}
						}
						{bone "cover"
							{Position -0.816804	-2.21986	0.744698}
							{VolumeView "cover.ply"}
						}
						{bone "mgun_r"
							{parameters "ID=mgun_turret;"}
							{Position 0	0	-1.52588e-05}
							{VolumeView "mgun_r.ply"}
						}
					}
					{bone "antenna"
						{Position -5.83731	20.4111	41.8282}
						{VolumeView "antenna.ply"}
					}
					{bone "turret_systems"
						{Matrix34
							0	-1	0
							1	0	0
							0	0	1
							0.179071	13.2617	4.24072
						}
					}
					{bone "gun_recoil"
						{Position 0	-8.66657	-34.2637}
					}
					{bone "antenna_point"
						{Matrix34
							1	0	0
							0	0	1
							0	-1	0
							-5.83659	20.3978	11.007
						}
					}
					{bone "cover2"
						{Matrix34
							0.983959	0	-0.178395
							0	1	0
							0.178395	0	0.983959
							9.04683	3.889	6.44878
						}
						{VolumeView "cover2.ply"}
					}
					{bone "gun_rot_cover"
						{Matrix34
							1	0	2.3365e-05
							0	1	0
							-2.3365e-05	0	1
							0.0304267	-20.2987	-1.83709
						}
						{VolumeView "gun_rot_cover.ply"}
					}
					{bone revolute "gun_rot"
						{limits -14 6}
						{speed 0.005}
						{Matrix34
							0	1	0
							-2.33213e-05	0	1
							1	0	2.33213e-05
							0.0301877	-17.1067	-1.90808
						}
						{bone "gun"
							{parameters "ID=gun;"}
							{Matrix34
								0	0	1
								1	0	0
								0	1	0
								-53.9999	-0.633715	0.000264674
							}
							{LODView
								{VolumeView "gun.ply"}
								{VolumeView "gun_lod1.ply"}
							}
							{bone "foresight1"
								{Matrix34
									0	-1	0
									2.32021e-05	0	1
									-1	0	2.32021e-05
									-0.0219143	-44.568	0.00625992
								}
							}
						}
					}
					{bone "shieldl7"
						{parameters "ID=shield_turret;"}
						{Matrix34
							0.539991	-0.841671	1.23978e-05
							0.841671	0.539991	1.96657e-05
							-2.32467e-05	0	1
							20.4755	13.8943	-2.49333
						}
						{VolumeView "shieldl7.ply"}
					}
					{bone "dz_turret_fix"
						{Matrix34
							0.99922	0.0395006	2.33658e-05
							-0.0391312	0.989955	-0.135859
							-0.00538965	0.135752	0.990728
							6.7827	-21.7769	-3.47101
						}
						{VolumeView "dz_turret_fix.ply"}
						{bone "d_a36"
							{Matrix34
								0.766123	0.639913	0.0597235
								-0.265269	0.230204	0.93629
								0.585395	-0.733156	0.346114
								13.5898	4.59974	3.23999
							}
							{VolumeView "d_a36.ply"}
						}
						{bone "d_a37"
							{Matrix34
								0.738585	-0.667602	-0.0938091
								0.0990036	-0.0302315	0.994628
								-0.666851	-0.743904	0.0437665
								-26.9747	5.5946	0.817484
							}
							{VolumeView "d_a37.ply"}
						}
						{bone "d_a38"
							{Matrix34
								0.99922	-0.0391344	-0.00536648
								0.0392299	0.967288	0.250629
								-0.0046173	-0.250644	0.968068
								-4.65561	18.7754	13.049
							}
							{VolumeView "d_a38.ply"}
						}
						{bone "d_a39"
							{Matrix34
								0.981555	-0.123921	0.14558
								0.0367007	0.869453	0.49265
								-0.187625	-0.47822	0.857964
								-18.2411	7.01003	7.02038
							}
							{VolumeView "d_a39.ply"}
						}
						{bone "d_a40"
							{Matrix34
								0.992377	0.0165983	-0.122115
								0.0402333	0.89296	0.448335
								0.116485	-0.449831	0.885485
								4.85317	5.45252	6.73683
							}
							{VolumeView "d_a40.ply"}
						}
						{bone "d_a41"
							{Matrix34
								0.439403	0.863919	0.246108
								-0.809545	0.262104	0.525299
								0.389309	-0.430053	0.81455
								13.2141	10.7121	6.42856
							}
							{VolumeView "d_a41.ply"}
						}
						{bone "d_a42"
							{Matrix34
								0.837137	-0.541921	-0.0743133
								0.49644	0.695681	0.519206
								-0.22967	-0.471539	0.851412
								-23.4689	6.25247	5.26321
							}
							{VolumeView "d_a42.ply"}
						}
						{bone "d_a43"
							{Matrix34
								0.943394	-0.257519	-0.209025
								0.310781	0.906469	0.285882
								0.115855	-0.33466	0.93519
								-1.36814	20.2605	13.0846
							}
							{VolumeView "d_a43.ply"}
						}
						{bone "d_a44"
							{Matrix34
								0.931273	0.363481	0.0247296
								-0.0531017	0.068271	0.996253
								0.360431	-0.929097	0.0828805
								9.27483	1.49515	0.167019
							}
							{VolumeView "d_a44.ply"}
						}
						{bone "d_a45"
							{Matrix34
								0.960075	0.00561401	-0.279688
								0.0821	0.950117	0.300893
								0.267426	-0.311842	0.911723
								9.76441	11.0737	7.92978
							}
							{VolumeView "d_a45.ply"}
						}
						{bone "d_a46"
							{Matrix34
								0.947477	-0.318645	-0.0274481
								0.261441	0.722224	0.640345
								-0.184219	-0.613888	0.767597
								-18.6441	3.58759	4.96638
							}
							{VolumeView "d_a46.ply"}
						}
						{bone "d_a47"
							{Matrix34
								0.99922	-0.0391344	-0.00536648
								0.037681	0.90359	0.426738
								-0.011851	-0.426607	0.904359
								-12.8434	12.8707	10.5128
							}
							{VolumeView "d_a47.ply"}
						}
						{bone "d_a48"
							{Matrix34
								0.99089	-0.131366	0.0296716
								0.0817412	0.761738	0.642708
								-0.107032	-0.634427	0.765537
								-15.9441	2.9007	4.97218
							}
							{VolumeView "d_a48.ply"}
						}
						{bone "d_a49"
							{Matrix34
								0.99922	-0.0391344	-0.00536648
								0.036698	0.869453	0.49265
								-0.0146137	-0.492462	0.870211
								-10.3154	8.79852	8.47672
							}
							{VolumeView "d_a49.ply"}
						}
						{bone "d_a50"
							{Matrix34
								0.922507	-0.38209	-0.0546569
								0.0577898	-0.00328146	0.998323
								-0.381629	-0.924119	0.0190538
								-22.5576	2.8208	0.437107
							}
							{VolumeView "d_a50.ply"}
						}
						{bone "d_a51"
							{Matrix34
								0.978705	-0.205238	-0.0037403
								0.00346483	-0.00170158	0.999992
								-0.205242	-0.978711	-0.000954151
								-18.9688	1.03543	0.192509
							}
							{VolumeView "d_a51.ply"}
						}
						{bone "d_a52"
							{Matrix34
								0.967995	-0.139043	0.208933
								0.0376843	0.90359	0.426738
								-0.248125	-0.405206	0.87991
								-20.4272	15.6076	10.8064
							}
							{VolumeView "d_a52.ply"}
						}
						{bone "d_a53"
							{Matrix34
								0.99922	-0.0391344	-0.00536648
								0.0373944	0.893399	0.447705
								-0.0127263	-0.447557	0.894165
								-7.49688	13.6852	11.0488
							}
							{VolumeView "d_a53.ply"}
						}
						{bone "d_a54"
							{Matrix34
								0.951536	-0.168693	0.257141
								0.037399	0.893398	0.447706
								-0.305254	-0.416391	0.85641
								-22.8324	17.5634	10.9487
							}
							{VolumeView "d_a54.ply"}
						}
						{bone "d_a55"
							{Matrix34
								0.99922	-0.0391344	-0.00536648
								0.036698	0.869453	0.49265
								-0.0146137	-0.492462	0.870211
								-5.07909	8.59344	8.4486
							}
							{VolumeView "d_a55.ply"}
						}
						{bone "d_a56"
							{Matrix34
								0.99922	-0.0391344	-0.00536648
								0.0164054	0.28756	0.957622
								-0.0359328	-0.956963	0.287978
								0.0540276	0.179966	2.81473
							}
							{VolumeView "d_a56.ply"}
						}
						{bone "d_a57"
							{Matrix34
								0.98342	0.176806	0.040309
								-0.170797	0.828357	0.533528
								0.060941	-0.531567	0.844821
								5.13863	2.56684	4.92014
							}
							{VolumeView "d_a57.ply"}
						}
						{bone "d_a58"
							{Matrix34
								0.743215	0.669038	-0.00445481
								-0.550585	0.615385	0.564054
								0.380115	-0.416761	0.825726
								12.9554	6.94138	5.4458
							}
							{VolumeView "d_a58.ply"}
						}
						{bone "d_a59"
							{Matrix34
								0.934232	-0.204868	0.291957
								0.0805781	0.918645	0.386779
								-0.347444	-0.337816	0.874736
								-23.1134	9.8403	7.08789
							}
							{VolumeView "d_a59.ply"}
						}
						{bone "d_a60"
							{Matrix34
								0.99922	-0.0391344	-0.00536648
								0.036698	0.869453	0.49265
								-0.0146137	-0.492462	0.870211
								-13.0548	7.83097	7.90226
							}
							{VolumeView "d_a60.ply"}
						}
					}
					{bone "ammo_box"
						{Matrix34
							0	-0.119293	-0.992859
							0.926488	0.373636	-0.0448927
							0.376324	-0.919872	0.110523
							-2.47556	21.8734	5.89297
						}
						{VolumeView "ammo_box3.ply"}
					}
					{bone "ammo_box005"
						{Matrix34
							0.0327988	-0.199011	-0.979448
							0.926488	0.373637	-0.0448927
							0.374892	-0.905975	0.196636
							-8.38174	17.7525	6.06385
						}
						{VolumeView "ammo_box005.ply"}
					}
					{bone "shtora_visor"
						{Matrix34
							0	-1	0
							1	0	2.32523e-05
							-2.32523e-05	0	1
							-0.0018622	-20.2307	5.62789
						}
					}
					{bone "optik_sh"
						{parameters "ID=turret;"}
						{Matrix34
							1	0	-2.72901e-05
							0	1	2.28991e-05
							2.72901e-05	-2.28991e-05	1
							16.2626	-3.32945	6.9637
						}
						{VolumeView "optik_sh.ply"}
					}
					{bone "shieldl9"
						{parameters "ID=turret;"}
						{Position 0	0	-1.52588e-05}
						{VolumeView "shieldl9.ply"}
					}
					{bone "foresight21"
						{Matrix34
							0.231009	-0.678651	0.697186
							0.939474	0.341941	0.0215605
							-0.253028	0.650007	0.716566
							26.61	-13.9159	1.48916
						}
					}
					{bone "foresight22"
						{Matrix34
							-0.259269	-0.668377	0.697175
							0.939474	-0.34194	0.0215605
							0.223982	0.660568	0.716577
							-28.6925	-14.2769	1.57178
						}
					}
				}
				{bone "shieldl1"
					{parameters "ID=shield_body;"}
					{Position 24.893	-65.3676	-0.26326}
					{VolumeView "shieldl1.ply"}
				}
				{bone "shieldr1"
					{parameters "ID=shield_body;"}
					{Position -24.8721	-65.3676	-0.263245}
					{VolumeView "shieldr1.ply"}
				}
				{bone "dz_body_fix"
					{Matrix34
						1	0.000564867	-0.000745583
						-0.000975278	0.455143	-0.890418
						-0.000172436	0.890418	0.455143
						-17.1566	-62.5417	-2.12347
					}
					{VolumeView "dz_body_fix.ply"}
					{bone "d_a17"
						{Matrix34
							1	0	0
							0	0.456168	0.889893
							0	-0.889893	0.456168
							34.5698	4.79856	32.4738
						}
						{VolumeView "d_a17.ply"}
					}
					{bone "d_a18"
						{Matrix34
							1	0	0
							0	0.114722	0.993398
							0	-0.993397	0.114722
							9.42789	1.52404	19.781
						}
						{VolumeView "d_a18.ply"}
					}
					{bone "d_a19"
						{Matrix34
							1	0	0
							0	0.176189	0.984356
							0	-0.984356	0.176189
							28.3227	1.97501	23.0727
						}
						{VolumeView "d_a19.ply"}
					}
					{bone "d_a20"
						{Matrix34
							1	0	0
							0	0.114722	0.993398
							0	-0.993397	0.114722
							25.1882	1.50921	19.7786
						}
						{VolumeView "d_a20.ply"}
					}
					{bone "d_a21"
						{Matrix34
							1	0	0
							0	0.176189	0.984356
							0	-0.984356	0.176189
							6.2899	1.99576	23.0761
						}
						{VolumeView "d_a21.ply"}
					}
					{bone "d_a22"
						{Matrix34
							1	0	0
							0	0.114722	0.993398
							0	-0.993397	0.114722
							28.32	0.793877	13.2125
						}
						{VolumeView "d_a22.ply"}
					}
					{bone "d_a23"
						{Matrix34
							1	0	0
							0	0.114722	0.993398
							0	-0.993397	0.114722
							25.1864	0.796818	13.213
						}
						{VolumeView "d_a23.ply"}
					}
					{bone "d_a24"
						{Matrix34
							1	0	0
							0	0.114722	0.993398
							0	-0.993397	0.114722
							6.28713	0.814629	13.2159
						}
						{VolumeView "d_a24.ply"}
					}
					{bone "d_a25"
						{Matrix34
							1	0	0
							0	0.152957	0.988233
							0	-0.988233	0.152957
							15.7369	0.931923	13.2083
						}
						{VolumeView "d_a25.ply"}
					}
					{bone "d_a26"
						{Matrix34
							1	0	0
							0	0.175565	0.984468
							0	-0.984468	0.175566
							22.0453	2.02115	19.7065
						}
						{VolumeView "d_a26.ply"}
					}
					{bone "d_a27"
						{Matrix34
							1	0	0
							0	0.114722	0.993398
							0	-0.993397	0.114722
							9.42438	0.128468	6.62229
						}
						{VolumeView "d_a27.ply"}
					}
					{bone "d_a28"
						{Matrix34
							1	0	0
							0	0.114722	0.993398
							0	-0.993397	0.114722
							22.0413	0.11657	6.62036
						}
						{VolumeView "d_a28.ply"}
					}
					{bone "d_a29"
						{Matrix34
							1	0	0
							0	0.114722	0.993398
							0	-0.993397	0.114722
							6.28627	0.48745	9.90707
						}
						{VolumeView "d_a29.ply"}
					}
					{bone "d_a30"
						{Matrix34
							1	0	0
							0	0.114722	0.993398
							0	-0.993397	0.114722
							34.561	0.104759	6.61845
						}
						{VolumeView "d_a30.ply"}
					}
					{bone "d_a31"
						{Matrix34
							1	0	0
							0	1.53184e-05	1
							0	-1	1.57952e-05
							25.1832	-0.30159	0.0171509
						}
						{VolumeView "d_a31.ply"}
					}
					{bone "d_a32"
						{Matrix34
							1	0	0
							0	0.0459467	0.998944
							0	-0.998944	0.0459467
							15.7342	-0.194885	3.31685
						}
						{VolumeView "d_a32.ply"}
					}
					{bone "d_a33"
						{Matrix34
							1	0	0
							0	1.54674e-05	1
							0	-1	1.5676e-05
							6.28389	-0.283783	0.0200424
						}
						{VolumeView "d_a33.ply"}
					}
					{bone "d_a34"
						{Matrix34
							1	0	0
							0	1.53184e-05	1
							0	-1	1.57952e-05
							34.5595	-0.310421	0.0157318
						}
						{VolumeView "d_a34.ply"}
					}
					{bone "d_a35"
						{Matrix34
							1	0	0
							0	0.387766	0.921758
							0	-0.921758	0.387766
							9.43139	3.44275	29.4938
						}
						{VolumeView "d_a35.ply"}
					}
				}
				{bone "shieldr7"
					{parameters "ID=body;"}
					{Position 0	0	-1.52588e-05}
					{VolumeView "shieldr7.ply"}
				}
				{bone "shieldr8"
					{parameters "ID=body;"}
					{Position 0	0	-1.52588e-05}
					{VolumeView "shieldr8.ply"}
				}
				{bone "shieldr9"
					{parameters "ID=body;"}
					{Position 0	0	-1.52588e-05}
					{VolumeView "shieldr9.ply"}
				}
			}
		}
	}
}
{Volume "additional_triplex1"
	{Box 4.12402 3.04594 6.75514}
	{Bone "mgun_turret"}
	{Matrix34
		0.981018	0	0
		0	0.981017	0
		0	0	0.981018
		-0.0191355	-5.6177	-1.83095
	}
}
{Volume "additional_triplex"
	{Polyhedron "additional_triplex.vol"}
	{Bone "turret_systems"}
	{Matrix34
		0	1	0
		-1	0	0
		0	0	1
		21.5085	8.46183	-0.797081
	}
}
{Volume "ammo_storage_main1"
	{Polyhedron "ammo_storage_main1.vol"}
	{Bone "body_system"}
	{Position -16.5687	-21.35	17.5214}
}
{Volume "ammo_storage_main2"
	{Polyhedron "ammo_storage_main2.vol"}
	{Bone "body_system"}
	{Position -0.585674	20.2808	15.5437}
}
{Volume "ammo_storage_main"
	{Polyhedron "ammo_storage_main.vol"}
	{Bone "body_system"}
	{Position -0.133921	4.55461	13.3294}
}
{Volume "ammo_storage_mgun2"
	{Polyhedron "ammo_storage_mgun2.vol"}
	{Bone "body_system"}
	{Position 17.6307	-21.35	13.038}
}
{Volume "ammo_storage_mgun"
	{Polyhedron "ammo_storage_mgun.vol"}
	{Bone "turret_systems"}
	{Matrix34
		0	1	0
		-1	0	0
		0	0	1
		18.8448	-18.4771	-9.91346
	}
}
{Volume "armor_turret_ring"
	{Polyhedron "armor_turret_ring.vol"}
	{Bone "turret_systems"}
	{Matrix34
		0	1	0
		-1	0	0
		0	0	1
		14.274	0.483013	-9.85209
	}
}
{Volume "autoloader1"
	{Polyhedron "autoloader1.vol"}
	{Bone "body_system"}
	{Position -0.133921	4.55461	12.9689}
}
{Volume "autoloader"
	{Polyhedron "autoloader.vol"}
	{Bone "turret_systems"}
	{Matrix34
		0	1	0
		-0.999916	0	0.0129332
		0.0129332	0	0.999916
		2.26645	-0.295099	-25.4257
	}
}
{Volume "body"
	{Polyhedron "body.vol"}
	{Bone "body"}
	{Position 0.019042	0.213126	-1.57589}
}
{Volume "commander_place"
	{Polyhedron "commander_place.vol"}
	{Bone "turret_systems"}
	{Matrix34
		0	1	0
		-1	0	0
		0	0	1
		8.40338	-11.6144	-19.4986
	}
}
{Volume "commander_triplex"
	{Polyhedron "commander_triplex.vol"}
	{Bone "turret"}
	{Position 12.1665	-0.0151871	7.32844}
}
{Volume "comp_armor_body"
	{Polyhedron "comp_armor_body.vol"}
	{Bone "body"}
	{Matrix34
		1	0	0
		0	0.929745	0.368204
		0	-0.368204	0.929745
		0.0565032	-42.4409	5.6319
	}
}
{Volume "comp_armor_turret1"
	{Polyhedron "comp_armor_turret1.vol"}
	{Bone "turret"}
	{Position -15.8055	-13.4435	-3.17373}
}
{Volume "comp_armor_turret"
	{Polyhedron "comp_armor_turret.vol"}
	{Bone "turret"}
	{Position 15.6065	-14.6254	-3.19399}
}
{Volume "comp_d_a10"
	{Box 4.72675 0.613964 5.11765}
	{Bone "d_a10"}
	{Matrix34
		1.32037	0	0
		0	2.00273e-05	-1.28391
		0	1.28391	1.99475e-05
		-1.62216	1.71206	0.352743
	}
}
{Volume "comp_d_a11"
	{Box 4.75004 0.613964 7.80442}
	{Bone "d_a11"}
	{Matrix34
		1.32037	0	0
		0	2.00352e-05	-1.28391
		0	1.28391	1.99683e-05
		-1.55709	3.34211	0.352693
	}
}
{Volume "comp_d_a12"
	{Box 4.70347 0.613964 7.77883}
	{Bone "d_a12"}
	{Matrix34
		1.32037	0	0
		0	2.0044e-05	-1.28391
		0	1.28391	1.9938e-05
		-1.5562	3.31448	0.352712
	}
}
{Volume "comp_d_a13"
	{Box 4.58704 0.613964 7.70206}
	{Bone "d_a13"}
	{Matrix34
		1.32037	0	0
		0	1.99612e-05	-1.28391
		0	1.28391	2.00512e-05
		1.51656	-3.35195	0.411046
	}
}
{Volume "comp_d_a14"
	{Box 4.70347 0.613964 7.75324}
	{Bone "d_a14"}
	{Matrix34
		1.32037	0	0
		0	1.99484e-05	-1.28391
		0	1.28391	2.00334e-05
		1.56681	3.30877	0.416559
	}
}
{Volume "comp_d_a15"
	{Box 4.75004 0.613964 7.77883}
	{Bone "d_a15"}
	{Matrix34
		1.32037	0	0
		0	1.9969e-05	-1.28391
		0	1.28391	2.00365e-05
		-1.55387	-3.24706	0.410696
	}
}
{Volume "comp_d_a16"
	{Box 4.79661 0.613964 7.67942}
	{Bone "d_a16"}
	{Matrix34
		1.32037	0	0
		0	1.99612e-05	-1.28391
		0	1.28391	2.00512e-05
		1.50831	-3.34838	0.411046
	}
}
{Volume "comp_d_a17"
	{Box 9.45537 0.613964 7.6995}
	{Bone "d_a17"}
	{Matrix34
		1.32037	0	0
		0	1.99992e-05	-1.28391
		0	1.28391	1.99893e-05
		-4.6923	0.00237131	0.332633
	}
}
{Volume "comp_d_a18"
	{Box 2.32845 0.613964 7.52602}
	{Bone "d_a18"}
	{Matrix34
		1.32037	0	0
		0	-0.07971	-1.28144
		0	1.28144	-0.0797097
		0.00826957	3.33025	0.257146
	}
}
{Volume "comp_d_a19"
	{Box 6.98535 0.613964 7.68415}
	{Bone "d_a19"}
	{Matrix34
		1.32037	0	0
		0	1.94379e-05	-1.28391
		0	1.28391	1.93614e-05
		3.09659	0.0560584	0.35848
	}
}
{Volume "comp_d_a1"
	{Box 4.68018 0.613964 7.77883}
	{Bone "d_a1"}
	{Matrix34
		1.32037	0	0
		0	2.00276e-05	-1.28391
		0	1.28391	1.99829e-05
		-1.57208	0.0308509	0.349954
	}
}
{Volume "comp_d_a20"
	{Box 2.35755 0.613964 7.68415}
	{Bone "d_a20"}
	{Matrix34
		1.32037	0	0
		0	-0.0797099	-1.28144
		0	1.28144	-0.0797096
		-0.0172348	3.40402	0.269498
	}
}
{Volume "comp_d_a21"
	{Box 6.98535 0.613964 7.57412}
	{Bone "d_a21"}
	{Matrix34
		1.32037	0	0
		0	1.92551e-05	-1.28391
		0	1.28391	1.95442e-05
		-3.20023	-0.0855951	0.347231
	}
}
{Volume "comp_d_a22"
	{Box 7.07849 0.613964 5.09206}
	{Bone "d_a22"}
	{Matrix34
		1.32037	0	0
		0	0.00153781	-1.28391
		0	1.28391	0.00153815
		3.06932	1.66605	0.381442
	}
}
{Volume "comp_d_a23"
	{Box 7.07849 0.613964 5.09206}
	{Bone "d_a23"}
	{Matrix34
		1.32037	0	0
		0	-0.0495075	-1.28296
		0	1.28296	-0.049507
		-3.09695	1.66193	0.160453
	}
}
{Volume "comp_d_a24"
	{Box 6.91549 0.613964 5.19441}
	{Bone "d_a24"}
	{Matrix34
		1.32037	0	0
		0	1.93062e-05	-1.28391
		0	1.28391	1.9506e-05
		-3.12769	1.70685	0.350003
	}
}
{Volume "comp_d_a25"
	{Box 7.07779 0.613964 5.06647}
	{Bone "d_a25"}
	{Matrix34
		1.32037	0	0
		0	1.94464e-05	-1.28391
		0	1.28391	1.93698e-05
		-3.15612	1.62482	0.350028
	}
}
{Volume "comp_d_a26"
	{Box 9.47679 0.613964 2.55882}
	{Bone "d_a26"}
	{Matrix34
		1.32037	0	0
		0	1.99736e-05	-1.28391
		0	1.28391	2.00501e-05
		-4.7241	0.0156021	0.348613
	}
}
{Volume "comp_d_a27"
	{Box 6.9493 0.613964 5.14324}
	{Bone "d_a27"}
	{Matrix34
		1.32037	0	0
		0	1.92381e-05	-1.28391
		0	1.28391	1.9591e-05
		3.15852	1.67236	0.355782
	}
}
{Volume "comp_d_a28"
	{Box 6.9493 0.613964 5.14324}
	{Bone "d_a28"}
	{Matrix34
		1.32037	0	0
		0	1.93147e-05	-1.28391
		0	1.28391	1.95229e-05
		0.015871	1.67317	0.352898
	}
}
{Volume "comp_d_a29"
	{Box 6.9493 0.613964 5.14324}
	{Bone "d_a29"}
	{Matrix34
		1.32037	0	0
		0	1.93062e-05	-1.28391
		0	1.28391	1.9506e-05
		-3.11761	-1.6319	0.335576
	}
}
{Volume "comp_d_a2"
	{Box 4.75004 0.613964 7.70206}
	{Bone "d_a2"}
	{Matrix34
		1.32037	0	0
		0	1.99949e-05	-1.28391
