;Exported by: Kasutaja
;Date:        Sat Nov 19 14:01:04 2022
;File:        C:\Users\Kasutaja\Desktop\gerartil_fh70\FH70 CW.max
{Skeleton
	{animation
		{sequence "close" {speed 0.3}}
		{sequence "open" {speed 0.3}}
		{sequence "recoil" {speed 0.4} {resume}}
	}
	{bone "basis"
		{parameters "Wheelradius=0.5;"}
		{Orientation
			1	0	0
			0	-1	0
			0	0	1
		}
		{bone "body"
			{parameters "ID=Body;"}
			{Matrix34
				0.999987	0	0.00513855
				-0.00513855	0	0.999987
				0	-1	0
				6.4063	0.0472912	17.6518
			}
			{VolumeView "body.ply"}
			{bone revolute "turret"
				{parameters "ID=Turret;"}
				{limits -25 25}
				{Matrix34
					0.999971	-0.0075702	0
					0	0	-1
					0.0075702	0.999972	0
					-9.30566	2.69367	0.128181
				}
				{VolumeView "turret.ply"}
				{bone revolute "gun_rot"
					{parameters "ID=Gun_rot;"}
					{limits -5 45}
					{Matrix34
						0.999993	0	0.0036497
						-0.00364944	0.0120112	0.999921
						-4.38388e-05	-0.999928	0.0120112
						-0.01226	-0.0870011	3.06028
					}
					{VolumeView "gun_rot.ply"}
					{bone "gun"
						{parameters "ID=Gun;"}
						{Matrix34
							-1	0	0
							0	0.999579	-0.0290259
							0	-0.029026	-0.999579
							39.4215	6.62241	0.0100864
						}
						{VolumeView "gun.ply"}
						{bone "fx_invers"
							{Matrix34
								0.999994	0.00365073	-0.000121596
								5.94469e-05	0.0170176	0.999855
								0.00365227	-0.999849	0.0170174
								49.5079	-1.5636	0.0625383
							}
						}
						{bone "fs1"
							{Matrix34
								-5.828e-05	0.06502	0.997884
								0.999993	0.00366348	-0.000180307
								-0.00366747	0.997877	-0.06502
								-55.5213	1.72673	1.62534
							}
						}
						{bone "fs2"
							{Matrix34
								5.81911e-05	-0.0650195	-0.997884
								-0.999993	-0.00365237	0.000179669
								-0.00365632	0.997877	-0.0650195
								-55.5211	1.53439	-1.5214
							}
						}
						{bone "visor"
							{parameters "Vis;"}
							{Matrix34
								-0.999999	-0.0012163	5.01112e-05
								0	0.0410299	0.999158
								-0.00121737	0.999157	-0.0410299
								36.5117	6.09687	10.8966
							}
						}
						{bone "foresight1"
							{parameters "Vis;"}
							{Matrix34
								-0.999994	-0.00336185	0.000162898
								-6.36228e-05	0.0650195	0.997884
								-0.00397777	0.997876	-0.0650193
								-59.2398	1.98734	0.0810397
							}
						}
					}
				}
				{bone "commander"
					{Matrix34
						0.968216	0.248289	0.0301659
						-0.248225	0.968684	-0.00590769
						-0.030688	-0.00176801	0.999528
						-34.0866	-14.9517	-16.587
					}
				}
				{bone "gunner"
					{Matrix34
						0.859073	-0.510925	0.0308112
						0.510778	0.859614	0.0130269
						-0.0331415	0.00454663	0.99944
						-18.9016	18.4015	-16.5255
					}
				}
			}
			{bone "pivot_back"
				{Matrix34
					0.999987	-0.00513837	0
					0	0	-1
					0.00513838	0.999987	0
					-72.4943	-14.4811	-0.414258
				}
			}
			{bone "pivot_front"
				{parameters "ID=body;"}
				{Matrix34
					0.999987	-0.00513837	0
					0	0	-1
					0.00513838	0.999987	0
					-6.59325	-5.45626	0.0472905
				}
			}
			{bone "visor2"
				{parameters "Vis;"}
				{Matrix34
					0.999987	-0.0051379	0
					0	0	-1
					0.0051379	0.999987	0
					-7.20496	25.4269	0.457787
				}
			}
			{bone "link1"
				{Matrix34
					-0.999987	0.0051371	0.000387174
					0.000387216	0	1
					0.00513709	0.999987	0
					-105.689	-11.8936	-0.311188
				}
			}
			{bone revolute "wheelr1"
				{parameters "ID=wheelright;Support=1;Radius=0.5;"}
				{Matrix34
					0.999987	-0.00513837	0
					-0.00513838	-0.999987	0
					0	0	-1
					-6.06123	-5.4744	20.9099
				}
				{VolumeView "wheelr1.ply"}
			}
			{bone revolute "wheell1"
				{parameters "ID=wheelleft;Support=1;Radius=0.5;"}
				{Matrix34
					0.918421	0.395604	0
					0.395604	-0.918421	0
					0	0	-1
					-6.06124	-5.47443	-20.8826
				}
				{VolumeView "wheell1.ply"}
			}
			{bone "standl"
				{parameters "ID=standl;"}
				{Matrix34
					0.96584	0.0196748	0.258393
					-0.0175162	0.99979	-0.0106536
					-0.258548	0.00576357	0.965981
					-22.3005	-6.24942	-12.621
				}
				{VolumeView "standl.ply"}
				{bone "shankl"
					{parameters "Vis;"}
					{Matrix34
						0.925765	-0.0252765	-0.377253
						-0.376972	0.0152648	-0.926099
						0.0291672	0.999564	0.00460311
						-80.8483	-2.60559	-13.0032
					}
				}
			}
			{bone "standr"
				{parameters "ID=standr;"}
				{Matrix34
					0.939537	0.00781036	-0.342359
					-0.00982932	0.999943	-0.00416251
					0.342307	0.00727612	0.93956
					-22.3991	-5.19525	12.425
				}
				{VolumeView "standr.ply"}
				{bone "shankr"
					{parameters "Vis;"}
					{Matrix34
						0.883716	-0.0100071	0.467918
						0.467986	0.00597414	-0.883716
						0.00604797	0.999932	0.00996287
						-84.1579	-4.64718	4.6396
					}
				}
			}
		}
		{bone "driver1"
			{Matrix34
				0.984128	0.17746	0
				-0.17746	0.984128	0
				0	0	1
				-25.0874	-18.6585	2.92717
			}
		}
		{bone "driver2"
			{Matrix34
				0.985473	-0.169834	0
				0.169834	0.985473	0
				0	0	1
				-23.968	20.1733	2.92717
			}
		}
		{bone "emit1"
			{Matrix34
				0.999992	0.00387078	0
				-0.00387078	0.999992	0
				0	0	1
				-98.7427	-30.6261	2.92717
			}
		}
		{bone "emit2"
			{Matrix34
				0.999993	0.00387078	0
				-0.00387078	0.999993	0
				0	0	1
				-98.4431	25.9851	2.92717
			}
		}
		{bone "standl_00"
			{bone "standl1"
				{parameters "ID=Body;"}
				{Matrix34
					0.999721	0.000363505	0.0236103
					-0.0236117	0.00445849	0.999711
					0.000258134	-0.99999	0.00446582
					-0.466438	-0.0409622	7.67736
				}
				{VolumeView "standl1.ply"}
			}
		}
		{bone "seat1"
			{Matrix34
				0.069151	0.997606	0
				-0.997606	0.069151	0
				0	0	1
				-32.2686	15.2836	2.72353
			}
		}
		{bone "seat2"
			{Matrix34
				0	-1	0
				1	0	0
				0	0	1
				-37.9659	-14.1378	2.87263
			}
		}
	}
}
{Volume "body"
	{Polyhedron "body.vol"}
	{Bone "body"}
	{Matrix34
		-0.00513842	-0.999987	0
		0	0	1
		-0.999987	0.00513842	0
		-14.9178	1.36902	0.0162161
	}
}
{Volume "gun"
	{Polyhedron "gun.vol"}
	{Bone "gun"}
	{Matrix34
		-0.999999	-0.0012168	4.95922e-05
		0	0.0410303	0.999158
		-0.00121781	0.999157	-0.0410303
		-18.6806	1.23472	0.0294573
	}
}
{Volume "standl1"
	{Polyhedron "standl1.vol"}
	{Bone "standl1"}
	{Matrix34
		0.999721	-0.0236117	0.000257969
		0.000363342	0.00445854	-0.99999
		0.0236103	0.999711	0.00446588
		-0.849374	-3.70029	0.0435046
	}
}
{Volume "standl"
	{Polyhedron "standl.vol"}
	{Bone "standl"}
	{Matrix34
		0.982782	0.0631949	0.173628
		-0.0622819	0.998001	-0.0107075
		-0.173958	-0.000290755	0.984753
		-72.4926	-2.47778	-15.9895
	}
}
{Volume "standr"
	{Polyhedron "standr.vol"}
	{Bone "standr"}
	{Matrix34
		0.993481	0.0746706	-0.0861413
		-0.073918	0.997193	0.0118995
		0.0867883	-0.00545427	0.996212
		-77.3158	-4.32382	3.79713
	}
}
{Volume "turret"
	{Polyhedron "turret.vol"}
	{Bone "gun_rot"}
	{Matrix34
		0.999999	-0.00121784	-1.43287e-05
		0	0.0120115	-0.999928
		0.00121793	0.999927	0.0120116
		10.3056	0.341599	-5.54477
	}
}
{Volume "wheell1"
	{Cylinder 12.2163 7.5026}
	{Bone "wheell1"}
	{Matrix34
		-0.900319	-0.393303	0
		0.393303	-0.900318	0
		0	0	0.982477
		4.05077e-05	-1.18043e-05	-0.28496
	}
}
{Volume "wheelr1"
	{Cylinder 12.2164 7.5022}
	{Bone "wheelr1"}
	{Matrix34
		-0.982477	0	0
		0	0.982477	0
		0	0	-0.982477
		0	-0.176662	0.00208926
	}
}
