;Exported by: Timosh
;Date:        Sat Oct  1 09:09:42 2022
;File:        G:\?????? ? Pheonix\??????????????\??????\??????????\Himars M142\M142 HIMARS 2013 Final 2_XX.max
{Skeleton
	{bone "basis"
		{parameters "SteerMax=35;"}
		{Orientation
			1	0	0
			0	-1	0
			0	0	1
		}
		{bone revolute "pivot_back"
			{Matrix34
				1	0	0
				0	-1	0
				0	0	-1
				-49.2422	0.0311243	14.0678
			}
			{bone "fxtracel2"
				{Matrix34
					-0.996195	0	-0.0871557
					0	1	0
					0.0871557	0	-0.996195
					-3.33868	-19.1151	12.5197
				}
			}
			{bone "fxtracer2"
				{Matrix34
					-0.996195	0	-0.0871557
					0	1	0
					0.0871557	0	-0.996195
					-5.66933	19.963	14.04
				}
			}
			{bone revolute "wheell3"
				{parameters "ID=wheelleft3;"}
				{Matrix34
					1	0	0
					0	0	1
					0	-1	0
					-3.94044	-18.9473	2.55823
				}
				{VolumeView "wheell3.ply"}
			}
			{bone revolute "wheelr3"
				{parameters "ID=wheelright3;"}
				{Matrix34
					1	0	0
					0	0	1
					0	-1	0
					-3.60238	19.6625	2.55495
				}
				{VolumeView "wheelr3.ply"}
			}
			{bone revolute "wheelr2"
				{parameters "ID=wheelright2;"}
				{Matrix34
					1	0	0
					0	0	1
					0	-1	0
					21.0256	19.6575	2.71838
				}
				{VolumeView "wheelr2.ply"}
			}
			{bone revolute "wheell2"
				{parameters "ID=wheelleft2;"}
				{Matrix34
					1	0	0
					0	0	1
					0	-1	0
					20.6877	-18.9522	2.7129
				}
				{VolumeView "wheell2.ply"}
			}
		}
		{bone revolute "pivot_front"
			{Matrix34
				1	0	0
				0	-1	0
				0	0	-1
				36.5403	-0.280117	11.9588
			}
			{bone revolute "steer_r"
				{Position 2.61569	16.8182	0}
				{bone "fxtracer1"
					{Matrix34
						-0.996195	0	-0.0871557
						0	1	0
						0.0871557	0	-0.996195
						0.0232925	1.80338	12.4711
					}
				}
				{bone revolute "wheelr1"
					{parameters "ID=wheelright1;"}
					{Matrix34
						1	0	0
						0	0	1
						0	-1	0
						-0.0765038	1.979	0.83927
					}
					{VolumeView "wheelr1.ply"}
				}
			}
			{bone revolute "steer_l"
				{Position 2.37708	-16.5324	-0.470337}
				{bone "fxtracel1"
					{Matrix34
						-0.996195	0	-0.0871557
						0	1	0
						0.0871557	0	-0.996195
						-0.120174	-3.05639	12.9415
					}
				}
				{bone revolute "wheell1"
					{parameters "ID=wheelleft1;"}
					{Matrix34
						1	0	0
						0	0	1
						0	-1	0
						-0.275089	-2.63536	1.22876
					}
					{VolumeView "wheell1.ply"}
				}
			}
		}
		{bone "emit1"
			{Matrix34
				0	-1	0
				1	0	0
				0	0	1
				43.6616	33.0445	2.26865
			}
		}
		{bone "emit2"
			{Matrix34
				0	1	0
				-1	0	0
				0	0	1
				43.7092	-31.4211	0.365371
			}
		}
		{bone "body_holder"
			{bone "body"
				{parameters "ID=body;"}
				{Position -2.0238	-0.0871084	33.0451}
				{VolumeView "body.ply"}
				{bone "cabin"
					{parameters "ID=cabin;"}
					{Position 48.653	-0.346222	3.28502}
					{VolumeView "cabin.ply"}
					{bone "doorr"
						{parameters "ID=cabin;"}
						{Position 14.2174	-20.3568	-0.895329}
						{VolumeView "doorr.ply"}
					}
					{bone "engine"
						{parameters "ID=engine;"}
						{Position 16.388	0	-9.71493}
						{VolumeView "engine.ply"}
					}
					{bone "fxsteam"
						{Matrix34
							0.819152	0	0.573577
							0	1	0
							-0.573577	0	0.819152
							-20.7188	-0.423042	-13.0509
						}
					}
					{bone "visor"
						{Position 13.1337	8.8801	11.3031}
					}
					{bone "headlightl"
						{Matrix34
							0.996195	0	-0.0871557
							0	1	0
							0.0871557	0	0.996195
							17.6053	15.5539	-17.2531
						}
					}
					{bone "headlightr"
						{Matrix34
							0.996195	0	-0.0871557
							0	1	0
							0.0871557	0	0.996195
							17.8486	-15.4464	-17.3389
						}
					}
					{bone "fxlight"
						{Matrix34
							0.996195	0	-0.0871557
							0	1	0
							0.0871557	0	0.996195
							23.2902	-0.281303	-16.7529
						}
					}
					{bone "driver"
						{Matrix34
							0.997555	0	0.069884
							0	1	0
							-0.069884	0	0.997555
							0.690586	9.68519	-12.9327
						}
					}
					{bone "gunner"
						{Matrix34
							0.980613	0	0.195956
							0	1	0
							-0.195956	0	0.980613
							1.42795	-12.1185	-12.5348
						}
					}
					{bone "seat00"
						{Matrix34
							0.980613	0	0.195956
							0	1	0
							-0.195956	0	0.980613
							-9.6805	-1.3531	-11.1553
						}
					}
					{bone "fxfire1"
						{Matrix34
							0	0	1
							0	1	0
							-1	0	0
							6.42769	-0.423042	-13.0509
						}
					}
					{bone "interier"
						{Position 0.273293	-0.477718	1.39753}
						{VolumeView "interier.ply"}
					}
					{bone "luke"
						{Matrix34
							0	-1	0
							1	0	0
							0	0	1
							-5.82604	1.33514e-05	15.9831
						}
						{VolumeView "luke.ply"}
					}
					{bone "visor2"
						{Position 13.1337	-6.87915	11.3031}
					}
					{bone "doorl"
						{parameters "ID=cabin;"}
						{Position 14.181	20.7938	1.43236}
						{VolumeView "doorl.ply"}
					}
					{bone "r1"
						{parameters "ID=cabin;"}
						{Position 10.09	-5.87759	15.1556}
						{VolumeView "r1.ply"}
					}
					{bone "r2"
						{parameters "ID=cabin;"}
						{Position 10.09	9.76852	15.1556}
						{VolumeView "r2.ply"}
					}
					{bone "interier2"
						{parameters "ID=cabin;"}
						{Position 0	0	0}
						{VolumeView "interier2.ply"}
					}
					{bone "anten"
						{parameters "ID=cabin;"}
						{Position -16.1654	-18.7374	14.675}
						{VolumeView "anten.ply"}
					}
					{bone "anten1"
						{parameters "ID=cabin;"}
						{Position -16.1654	18.7374	14.675}
						{VolumeView "anten1.ply"}
					}
				}
				{bone "fuel"
					{parameters "ID=body;"}
					{Position -3.95687	14.4343	-14.2117}
					{VolumeView "fuel.ply"}
				}
				{bone "fxsmoke"
					{Matrix34
						-0.740225	0.655888	-0.147912
						-0.541992	-0.712265	-0.446008
						-0.397884	-0.249979	0.882722
						29.2782	23.1847	-3.79771
					}
				}
				{bone "fxstop1"
					{Position -68.2408	16.611	-12.6974}
				}
				{bone "fxstop2"
					{Position -67.4239	-17.2432	-12.8946}
				}
				{bone revolute "turret"
					{parameters "ID=turret;"}
					{limits -150 150}
					{speed 0.006}
					{Position -52.428	-0.346202	-3.54493}
					{VolumeView "turret.ply"}
					{bone revolute "gun"
						{parameters "ID=gun;"}
						{limits -45 0}
						{speed 0.004}
						{Matrix34
							1	0	0
							0	0	-1
							0	1	0
							-14.2623	0.0886297	-0.693848
						}
						{VolumeView "gun.ply"}
						{bone "module"
							{Matrix34
								0	0	-1
								1	0	0
								0	-1	0
								31.122	-13.5259	0.0426117
							}
							{VolumeView "module.ply"}
							{bone "rocket01"
								{Matrix34
									0	0	-1
									-1	0	0
									0	1	0
									6.27881	-35.0852	2.9083
								}
								{VolumeView "rocket01.ply"}
							}
							{bone "rocket02"
								{Matrix34
									0	0	-1
									-1	0	0
									0	1	0
									1.69575e-05	-35.085	2.91235
								}
								{VolumeView "rocket02.ply"}
							}
							{bone "rocket05"
								{Matrix34
									0	0	-1
									-1	0	0
									0	1	0
									-6.27779	-35.194	2.91174
								}
								{VolumeView "rocket05.ply"}
							}
							{bone "rocket04"
								{Matrix34
									0	0	-1
									-1	0	0
									0	1	0
									-6.27881	-35.0497	-3.39969
								}
								{VolumeView "rocket04.ply"}
							}
							{bone "rocket03"
								{Matrix34
									0	0	-1
									-1	0	0
									0	1	0
									1.69575e-05	-35.0499	-3.3997
								}
								{VolumeView "rocket03.ply"}
							}
							{bone "rocket00"
								{Matrix34
									0	0	-1
									-1	0	0
									0	1	0
									6.27579	-35.0497	-3.40374
								}
								{VolumeView "rocket00.ply"}
							}
						}
						{bone "rok_tail00"
							{Matrix34
								-1	0	0
								0	0	-1
								0	-1	0
								-4.56275	-9.76287	-6.34533
							}
						}
						{bone "rok_tail01"
							{Matrix34
								-1	0	0
								0	0	-1
								0	-1	0
								-4.56275	-16.5461	-6.32644
							}
						}
						{bone "rok_tail03"
							{Matrix34
								-1	0	0
								0	0	-1
								0	-1	0
								-4.56274	-9.76287	0.201895
							}
						}
						{bone "rok_tail02"
							{Matrix34
								-1	0	0
								0	0	-1
								0	-1	0
								-4.56275	-16.5462	0.220792
							}
						}
						{bone "rok_tail04"
							{Matrix34
								-1	0	0
								0	0	-1
								0	-1	0
								-4.56274	-9.80297	6.31297
							}
						}
						{bone "rok_tail05"
							{Matrix34
								-1	0	0
								0	0	-1
								0	-1	0
								-4.56275	-16.5461	6.32691
							}
						}
						{bone "shooter03"
							{Matrix34
								1	0	0
								0	0	1
								0	-1	0
								66.7823	-10.5495	-0.0585224
							}
						}
						{bone "shooter02"
							{Matrix34
								1	0	0
								0	0	1
								0	-1	0
								66.7823	-17.2127	-0.137951
							}
						}
						{bone "shooter05"
							{Matrix34
								1	0	0
								0	0	1
								0	-1	0
								66.7823	-17.1391	6.57615
							}
						}
						{bone "shooter04"
							{Matrix34
								1	0	0
								0	0	1
								0	-1	0
								66.7823	-10.6599	6.57882
							}
						}
						{bone "shooter00"
							{Matrix34
								1	0	0
								0	0	1
								0	-1	0
								66.7823	-10.5863	-6.32071
							}
						}
						{bone "fxfire"
							{Matrix34
								1	0	0
								0	0	1
								0	-1	0
								82.8335	-12.4171	0.316142
							}
						}
						{bone "foresight"
							{Matrix34
								1	0	0
								0	0	1
								0	-1	0
								73.8384	-14.2985	0.940257
							}
						}
						{bone "shooter01"
							{Matrix34
								1	0	0
								0	0	1
								0	-1	0
								66.7823	-17.1918	-6.32071
							}
						}
					}
					{bone "gun_recoil"
						{Matrix34
							-1	0	0
							0	-1	0
							0	0	1
							7.63132	0	-18.6456
						}
					}
				}
				{bone "fxsmoke1"
					{Matrix34
						0	-0.766044	-0.642788
						1	0	0
						0	-0.642788	0.766044
						29.7145	-23.6512	-3.86765
					}
				}
				{bone "fxdust"
					{Matrix34
						0	0	1
						0	1	0
						-1	0	0
						2.0238	0.0871086	-33.0451
					}
				}
			}
		}
	}
}
{Volume "body"
	{Polyhedron "body.vol"}
	{Bone "body"}
	{Position 4.08374	1.63919	-17.172}
}
{Volume "cabin"
	{Polyhedron "cabin.vol"}
	{Bone "cabin"}
	{Position 15.1386	-4.92302	-9.55504}
}
{Volume "engine"
	{Polyhedron "engine.vol"}
	{Bone "engine"}
	{Position -3.59849	1.21852	1.36265}
}
{Volume "luke"
	{Polyhedron "luke.vol"}
	{Bone "luke"}
	{Matrix34
		0	1	0
		-1	0	0
		0	0	1
		-0.0453254	0.54512	0.291241
	}
}
{Volume "turret1"
	{Polyhedron "turret1.vol"}
	{Bone "gun"}
	{Matrix34
		1	0	0
		0	0	1
		0	-1	0
		37.0502	0.539656	-0.603875
	}
}
{Volume "turret"
	{Polyhedron "turret.vol"}
	{Bone "turret"}
	{Position 12.0934	-0.821548	-3.38824}
}
{Volume "wheelleft1"
	{Cylinder 12.2163 7.5026}
	{Bone "wheell1"}
	{Matrix34
		0.901676	0	0
		0	0.901676	0
		0	0	0.901676
		-0.0479622	-0.0638962	0.23896
	}
}
{Volume "wheelleft2"
	{Cylinder 12.2319 6.9385}
	{Bone "wheell2"}
	{Matrix34
		0.901676	0	0
		0	-0.901676	0
		0	0	-0.901676
		-0.06213	-0.05865	0.296497
	}
}
{Volume "wheelleft3"
	{Cylinder 12.2319 6.93846}
	{Bone "wheell3"}
	{Matrix34
		0.901676	0	0
		0	0.901676	0
		0	0	0.901676
		-0.0868568	0.109284	-0.0993478
	}
}
{Volume "wheelright1"
	{Cylinder 12.2164 7.5022}
	{Bone "wheelr1"}
	{Matrix34
		0.901676	0	0
		0	-0.901676	0
		0	0	-0.901676
		0.0879517	0.188611	0.420314
	}
}
{Volume "wheelright2"
	{Cylinder 12.231 6.93852}
	{Bone "wheelr2"}
	{Matrix34
		0.901676	0	0
		0	-0.901676	0
		0	0	-0.901676
		0.0555458	0.107274	0.1889
	}
}
{Volume "wheelright3"
	{Cylinder 12.231 6.94046}
	{Bone "wheelr3"}
	{Matrix34
		0.901676	0	0
		0	0.901676	0
		0	0	0.901676
		-0.0342064	0.241239	0.201562
	}
}
