;Exported by: Timosh
;Date:        Mon Jun 27 19:54:57 2022
;File:        G:\?????? ? Pheonix\??????????????\??????\?????? ? ???????\???\???????????? ??????????? ??????? 2\usa_cottage_1st_2 x 7.max
{Skeleton
	{bone "r1"
		{Orientation
			1	0	0
			0	-1	0
			0	0	1
		}
		{bone "piece1"
			{Position -33.7064	1.42239	96.9518}
			{VolumeView "piece1.ply"}
		}
		{bone "piece2"
			{Position -29.1481	26.5462	87.0609}
			{VolumeView "piece2.ply"}
		}
		{bone "piece3"
			{Position 21.2573	-16.3683	90.5456}
			{VolumeView "piece3.ply"}
		}
		{bone "piece4"
			{Position -55.4735	31.3607	69.3773}
			{VolumeView "piece4.ply"}
		}
		{bone "piece5"
			{Position 0.682819	-55.9446	82.2552}
			{VolumeView "piece5.ply"}
		}
		{bone "piece6"
			{Position -39.2576	-31.7008	79.9113}
			{VolumeView "piece6.ply"}
		}
		{bone "piece7"
			{Position 6.18181	10.6352	97.3012}
			{VolumeView "piece7.ply"}
		}
	}
}
{Volume "piece1"
	{Box 17.3832 12.9411 24.2934}
	{Bone "piece1"}
	{Position 0	0	0}
}
{Volume "piece2"
	{Box 4.47009 23.4484 26.113}
	{Bone "piece2"}
	{Matrix34
		0.573576	0	-0.819152
		0	1	0
		0.819152	0	0.573576
		0	0	0
	}
}
{Volume "piece3"
	{Box 4.07106 23.5597 30.7606}
	{Bone "piece3"}
	{Matrix34
		0.573576	0	0.819152
		0	1	0
		-0.819152	0	0.573576
		0	0	-1.23978e-05
	}
}
{Volume "piece4"
	{Box 5.35521 41.8561 43.5905}
	{Bone "piece4"}
	{Matrix34
		0.573576	0	-0.819152
		0	1	0
		0.819152	0	0.573576
		1.14441e-05	0	0
	}
}
{Volume "piece5"
	{Box 57.6343 11.5304 37.4092}
	{Bone "piece5"}
	{Matrix34
		0.707107	0.5	0.5
		0	0.707107	-0.707107
		-0.707107	0.5	0.5
		4.27485	-3.65837	-3.65837
	}
}
{Volume "piece6"
	{Box 6.03277 51.7629 57.2035}
	{Bone "piece6"}
	{Matrix34
		0.573576	0	-0.819152
		0	1	0
		0.819152	0	0.573576
		2.09808e-05	-1.55406e-05	0
	}
}
{Volume "piece7"
	{Box 11.055 42.3459 32.5402}
	{Bone "piece7"}
	{Matrix34
		0.573576	0	0.819152
		0	1	0
		-0.819152	0	0.573576
		2.38419e-05	0	0
	}
}
