;Exported by: Администратор
;Date:        Wed Aug 03 17:33:32 2011
;File:        G:\Работа с Pheonix\Редактирование\Мои модели\ЛЦУ\AIM-9L Sidewinder\AIM-9L 5.max
{Skeleton
	{animation
		{sequence "move" {speed 0.35}}
	}
	{bone "basis"
		{Orientation
			1	0	0
			0	-1	0
			0	0	1
		}
		{bone "body"
			{Matrix34
				0	0.707107	-0.707107
				0	0.707107	0.707107
				1	0	0
				0	0	0
			}
			{VolumeView "body.ply"}
			{bone "tail"
				{Matrix34
					0	0	-1
					-0.707107	0.707107	0
					0.707107	0.707107	0
					-0.0279579	-0.0756359	-29.5436
				}
			}
			{bone "tail1"
				{Matrix34
					0	0	-1
					-0.707107	0.707107	0
					0.707107	0.707107	0
					-0.0166054	-0.0642757	-22.3286
				}
			}
			{bone "tail2"
				{Matrix34
					0	0	-1
					-0.707107	0.707107	0
					0.707107	0.707107	0
					-0.136721	-0.184393	-37.4923
				}
			}
		}
	}
}
{Volume "body"
	{Box 58.4252 3.93701 3.93701}
	{Bone "body"}
	{Matrix34
		0	0	1
		0.707107	-0.707106	0
		0.707106	0.707107	0
		0	0	0
	}
}
{Volume "select"
	{Box 58.4252 3.93701 3.93701}
	{Bone "body"}
	{Matrix34
		0	0	1
		0.707107	-0.707106	0
		0.707106	0.707107	0
		-0.154992	-0.117076	-1.06565
	}
}
{Extender "preview"
	{"Stuff"
		{camera
			{origin 5.5814	-118.471	-3.6266}
			{lookat 0.371566	-9.76577	3.25118}
			{fov 31.7555}
			{horizon 179.83}
		}
		{lights
			{"0"
				{type point}
				{position 12.0074	-13.2764	2.4695}
			}
			{"1"
				{type directional}
				{direction -0.317994	0.319255	-0.216693}
			}
			{"2"
				{type point}
				{position 8.77798	-5.38648	8.8025}
			}
		}
	}
}
