;Exported by: Kasutaja
;Date:        Sun Jul 31 06:52:14 2022
;File:        D:\??????? ????\??? GEM2\????????? 3? ??????? Cold War ?????????\Cold War 2010\?????? ? Pheonix\??????????????\??????\??????? ?????????\M1128\m1128_final fix 30.07.2022.max
{Skeleton
	{animation
		{sequence "open" {speed 0.2} {resume}}
		{sequence "open_gunner" {speed 0.2} {resume}}
		{sequence "start"}
		{sequence "stop"}
		{sequence "open_driver" {speed 0.2} {resume}}
		{sequence "fire"}
		{sequence "hit"}
	}
	{bone "basis"
		{parameters "SteerMax =35;WheelRadius =0.44;"}
		{Orientation
			1	0	0
			0	-1	0
			0	0	1
		}
		{bone "emit1"
			{Matrix34
				-1	0	0
				0	-1	0
				0	0	1
				75.5696	9.37932	0.0984123
			}
		}
		{bone "emit2"
			{Matrix34
				-0.0150309	-0.999887	0
				0.999887	-0.0150309	0
				0	0	1
				-23.155	38.7221	-0.0713485
			}
		}
		{bone "emit3"
			{Matrix34
				0	1	0
				-1	0	0
				0	0	1
				-19.2834	-39.5624	-0.0713676
			}
		}
		{bone "spring_r4"
			{Matrix34
				0	-1	0
				1	0	0
				0	0	1
				-35.3242	-17.94	10.2876
			}
			{bone revolute "wheelr4"
				{parameters "Radius=0.6;ID=trackright;"}
				{Matrix34
					0	1	0
					0	0	-1
					-1	0	0
					2.72957	0.280052	0.377556
				}
				{VolumeView "wheelr4.ply"}
			}
			{bone "fxtracer4"
				{Matrix34
					0	1	0
					-1	0	0
					0	0	1
					2.31161	-0.0392761	-10.3594
				}
			}
		}
		{bone "spring_r3"
			{Matrix34
				0	-1	0
				1	0	0
				0	0	1
				-12.8565	-17.94	10.2876
			}
			{bone revolute "wheelr3"
				{parameters "Radius=0.6;ID=trackright;"}
				{Matrix34
					0	1	0
					0	0	-1
					-1	0	0
					2.63889	0.296622	0.357944
				}
				{VolumeView "wheelr3.ply"}
			}
			{bone "fxtracer3"
				{Matrix34
					0	1	0
					-1	0	0
					0	0	1
					2.31161	0.0656586	-10.3591
				}
			}
		}
		{bone "spring_l3"
			{Matrix34
				0	-1	0
				1	0	0
				0	0	1
				-12.7888	18.1695	10.3099
			}
			{bone revolute "wheell3"
				{parameters "Radius=0.6;ID=trackleft;"}
				{Matrix34
					0	1	0
					0	0	-1
					-1	0	0
					-1.81614	0.0655785	0.297214
				}
				{VolumeView "wheell3.ply"}
			}
			{bone "fxtracel3"
				{Matrix34
					0	1	0
					-1	0	0
					0	0	1
					-2.22293	-0.0174351	-10.3812
				}
			}
		}
		{bone "spring_l4"
			{Matrix34
				0	-1	0
				1	0	0
				0	0	1
				-35.3289	18.1695	10.3099
			}
			{bone revolute "wheell4"
				{parameters "Radius=0.6;ID=trackleft;"}
				{Matrix34
					0	1	0
					0	0	-1
					-1	0	0
					-1.72563	0.121391	0.346967
				}
				{VolumeView "wheell4.ply"}
			}
			{bone "fxtracel4"
				{Matrix34
					0	1	0
					-1	0	0
					0	0	1
					-2.22294	0.0628319	-10.3815
				}
			}
		}
		{bone revolute "steerl1"
			{Matrix34
				0.999935	0	0.011431
				0	-1	0
				0.011431	0	-0.999935
				35.8784	17.465	10.9764
			}
			{VolumeView "steerl1.ply"}
			{bone revolute "wheell1"
				{parameters "Radius=0.6;ID=trackleft;"}
				{Matrix34
					1	0	0
					0	0	1
					0	-1	0
					-0.0098381	-2.7151	0.391686
				}
				{VolumeView "wheell1.ply"}
			}
			{bone "fxtracel1"
				{Matrix34
					1	0	0
					0	-1	0
					0	0	-1
					-0.139256	-2.92745	10.6401
				}
			}
		}
		{bone revolute "steerl2"
			{Matrix34
				0.999935	0	0.011431
				0	-1	0
				0.011431	0	-0.999935
				13.4649	17.3748	10.7397
			}
			{VolumeView "steerl2.ply"}
			{bone revolute "wheell2"
				{parameters "Radius=0.6;ID=trackleft;"}
				{Matrix34
					1	0	0
					0	0	1
					0	-1	0
					-0.00973415	-2.71524	0.0094223
				}
				{VolumeView "wheell2.ply"}
			}
			{bone "fxtracel2"
				{Matrix34
					1	0	0
					0	-1	0
					0	0	-1
					-0.16943	-3.01772	10.6599
				}
			}
		}
		{bone revolute "steerr2"
			{Matrix34
				0.999935	0	0.011431
				0.000117256	-0.999947	-0.010257
				0.0114304	0.0102577	-0.999882
				13.606	-17.7597	10.7724
			}
			{VolumeView "steerr2.ply"}
			{bone revolute "wheelr2"
				{parameters "Radius=0.6;ID=trackright;"}
				{Matrix34
					1	0	0
					0	0.0102582	0.999947
					0	-0.999947	0.0102582
					0.0120897	2.71503	-0.0311413
				}
				{VolumeView "wheelr2.ply"}
			}
			{bone "fxtracer2"
				{Matrix34
					1	0	0
					0	-0.999947	0.0102498
					0	-0.0102498	-0.999947
					-0.287348	2.60169	10.665
				}
			}
		}
		{bone revolute "steerr1"
			{Matrix34
				0.999935	0	0.011431
				0.000117256	-0.999947	-0.010257
				0.0114304	0.0102577	-0.999882
				36.0195	-17.6693	11.0091
			}
			{VolumeView "steerr1.ply"}
			{bone revolute "wheelr1"
				{parameters "Radius=0.6;ID=trackright;"}
				{Matrix34
					1	0	0
					0	0.0102582	0.999947
					0	-0.999947	0.0102582
					0.0120583	2.71898	0.351192
				}
				{VolumeView "wheelr1.ply"}
			}
			{bone "fxtracer1"
				{Matrix34
					1	0	0
					0	-0.999947	0.0102498
					0	-0.0102498	-0.999947
					-0.245533	2.69162	10.6443
				}
			}
		}
		{bone "body_holder"
			{Position 0	-1.13932	0}
			{bone "body"
				{parameters "ID=body;"}
				{animation
					{sequence "repair" {file "body_r.anm"}}
				}
				{Matrix34
					1	0	0
					0	0.999947	0.0102586
					0	-0.0102586	0.999947
					0.100536	1.07852	36.8055
				}
				{VolumeView "body.ply"}
				{bone "lyk_d"
					{Position 25.5184	9.51193	0.265625}
					{VolumeView "lyk_d.ply"}
				}
				{bone "visor2"
					{Matrix34
						0.99983	1.33492e-05	0.0184201
						-0.0184193	0.0102584	0.999778
						-0.000175616	-0.999947	0.0102569
						36.7436	9.77738	0.207584
					}
				}
				{bone "fxstop2"
					{Matrix34
						1	0	0
						0	0.999947	-0.0102585
						0	0.0102585	0.999947
						-61.7568	-18.6579	-11.0179
					}
				}
				{bone "fxstop1"
					{Matrix34
						1	0	0
						0	0.999947	-0.0102585
						0	0.0102585	0.999947
						-61.7568	17.4511	-11.3882
					}
				}
				{bone "fxsmoke1"
					{Matrix34
						0.125584	-0.974826	-0.184236
						0.974379	0.0862707	0.207708
						-0.186585	-0.2056	0.960684
						-0.546321	-10.0426	-27.027
					}
				}
				{bone "headlightl"
					{Matrix34
						1	0	0
						0	0.999947	-0.0102585
						0	0.0102585	0.999947
						62.181	16.423	-7.75995
					}
				}
				{bone "headlightr"
					{Matrix34
						1	0	0
						0	0.999947	-0.0102504
						0	0.0102504	0.999947
						62.2612	-16.804	-7.65441
					}
				}
				{bone "body_systems"
					{Matrix34
						0	-0.999947	0.0102585
						1	0	0
						0	0.0102585	0.999947
						18.9242	-4.34578	-10.6846
					}
					{visibility 0}
				}
				{bone "antenn"
					{parameters "ID=body;"}
					{animation
						{sequence "repair" {file "body_r.anm"}}
					}
					{Position 0	0	0}
					{VolumeView "antenn.ply"}
				}
				{bone revolute "turret"
					{parameters "ID=turret;"}
					{animation
						{sequence "repair" {file "turret_r.anm"}}
					}
					{speed 0.01}
					{Matrix34
						1	0	-1.7643e-05
						0	1	0
						1.7643e-05	0	1
						-17.8037	-0.0697267	2.56192
					}
					{VolumeView "turret.ply"}
					{bone "lyk_2"
						{Matrix34
							0.743472	-0.668768	0
							0.668767	0.743472	0
							0	0	1
							-3.4973	-14.15	1.18729
						}
						{VolumeView "lyk_2.ply"}
					}
					{bone revolute "lyk_1"
						{Position -2.29781	18.7255	1.0015}
						{VolumeView "lyk_1.ply"}
					}
					{bone "visor1"
						{Matrix34
							0.999831	0.000173062	0.0184044
							-0.0184052	0.0102571	0.999778
							-1.57512e-05	-0.999947	0.0102585
							6.43823	8.66882	3.3908
						}
					}
					{bone "visor3"
						{Matrix34
							0.837264	-0.54627	0.0240241
							-0.0154162	0.0203358	0.999674
							-0.546581	-0.837362	0.00860499
							5.44092	-15.6465	2.13823
						}
					}
					{bone revolute "gun_rot"
						{parameters "ID=gun;"}
						{limits -9 4}
						{speed 0.01}
						{Matrix34
							0.999937	0	0.0112055
							0.0112055	0	-0.999937
							0	1	0
							-2.90916	-0.0441807	12.8131
						}
						{VolumeView "gun_rot.ply"}
						{bone "gun"
							{parameters "ID=gun;"}
							{Matrix34
								0	0	-1
								1	0	0
								0	-1	0
								60.5162	3.74283	0.174868
							}
							{VolumeView "gun.ply"}
						}
						{bone "foresight1"
							{Matrix34
								1	0	0
								0	0.010235	0.999948
								0	-0.999948	0.010235
								93.5714	4.64187	0.407853
							}
						}
						{bone "fxshell"
							{Matrix34
								1.54125e-05	0.828878	0.55943
								1	-1.7371e-05	0
								0	0.55943	-0.828878
								-9.67394	4.07397	9.23768
							}
						}
						{bone "foresight24"
							{Matrix34
								0.995588	-0.000980335	-0.0938326
								0.0938376	0.0102114	0.995535
								-1.77771e-05	-0.999947	0.0102583
								27.7977	4.14244	-8.58874
							}
						}
						{bone "foresight23"
							{Matrix34
								0.999996	1.01728e-05	0.00271225
								-0.00271221	0.0102584	0.999944
								-1.76253e-05	-0.999947	0.0102584
								27.6591	4.31618	8.49541
							}
						}
						{bone "foresight22"
							{Matrix34
								0.793899	-0.00625169	-0.608017
								0.608049	0.00813351	0.793858
								-1.7616e-05	-0.999947	0.0102585
								23.0053	4.15317	-8.54678
							}
						}
						{bone "foresight21"
							{Matrix34
								0.770337	0.00652757	0.637603
								-0.637636	0.00791381	0.770297
								-1.76774e-05	-0.999947	0.0102585
								22.6126	4.32183	8.10317
							}
						}
						{bone "foresight3"
							{Matrix34
								1	-1.76551e-05	0
								0	0.0102585	0.999947
								-1.76262e-05	-0.999947	0.0102585
								17.5984	-0.2113	7.55481
							}
						}
						{bone "shield_lyk"
							{parameters "ID=gun;"}
							{Position -23.9513	6.69988	-0.0807815}
							{VolumeView "shield_lyk.ply"}
						}
						{bone "shield_lyk2"
							{parameters "ID=gun;"}
							{Position -29.258	-1.4326	-0.00923187}
							{VolumeView "shield_lyk2.ply"}
						}
					}
					{bone "turret_systems"
						{Matrix34
							-0.910295	-0.00423266	-0.413938
							-0.413959	0.00934469	0.910248
							1.53501e-05	0.999947	-0.0102586
							-30.9496	0.240136	8.04758
						}
					}
					{bone "visor04"
						{Matrix34
							0.999656	0.0105435	0.0240241
							-0.0241126	0.00835364	0.999674
							0.0103394	-0.99991	0.00860499
							-26.1291	-8.57597	16.7976
						}
					}
					{bone revolute "mgun_pivot"
						{limits -150 0}
						{speed 0.01}
						{Matrix34
							0.999977	-0.00523588	-0.00421541
							0.00519572	0.999943	-0.00935247
							0.00426413	0.00933035	0.999947
							-0.363869	-11.4837	0.121246
						}
						{bone "shtalga"
							{Matrix34
								0.999983	-0.00590623	0
								0.00590512	0.999983	0
								0	0	1
								7.47775	-0.0227509	3.70007
							}
							{VolumeView "shtalga.ply"}
							{bone "shieldl6"
								{parameters "ID=shieldl6;"}
								{Matrix34
									0.998451	-0.0556349	0
									0.0556338	0.998451	0
									0	0	1
									7.29457	1.09201	-5.61861
								}
								{VolumeView "shieldl6.ply"}
								{bone "glass"
									{Position 0	0	0}
									{VolumeView "glass.ply"}
								}
							}
							{bone "mgun_rot"
								{parameters "ID=mgun;"}
								{Matrix34
									0.999889	-0.0138046	-0.00567218
									-0.00619132	-0.0378462	-0.999264
									0.0135782	0.999188	-0.0379277
									5.17817	-0.555759	2.4967
								}
								{VolumeView "mgun_rot.ply"}
								{bone revolute "mgun"
									{limits -15 15}
									{speed 0.01}
									{Matrix34
										0.99977	0.0106091	-0.0186468
										-0.0100346	0.999479	0.0306674
										0.01896	-0.0304726	0.999356
										-0.045403	-2.6393	0.284955
									}
									{bone "mgun1"
										{Matrix34
											0.998533	-0.0393043	-0.037252
											-0.0392333	-0.999227	0.00261855
											-0.0373244	-0.00115384	-0.999302
											-7.74132	0.459759	0.226432
										}
									}
								}
							}
						}
						{bone "gunner2"
							{Matrix34
								0.999814	0.0188249	0.00420954
								-0.0188216	0.999822	-0.000984763
								-0.00422695	0.000905341	0.999991
								0.0643787	-0.014596	-17.4852
							}
						}
					}
					{bone "fxfire3"
						{Matrix34
							0.99983	1.31484e-05	0.0184378
							-0.0184369	0.0102583	0.999777
							-0.000175995	-0.999947	0.0102568
							-0.490187	-11.0304	-0.13063
						}
					}
					{bone "gun_recoil"
						{Matrix34
							-1	0	-1.71862e-05
							0	-0.999947	0.0102588
							-1.79145e-05	0.0102585	0.999947
							7.74733	-1.26173	-34.4329
						}
					}
				}
				{bone "shieldr3"
					{parameters "ID=shieldR3;"}
					{Matrix34
						0	-0.999537	0.0304189
						0.0772824	-0.030328	-0.996548
						0.997009	0.00235086	0.0772466
						-67.9149	-1.06518	-7.71929
					}
					{VolumeView "shieldr3.ply"}
					{bone "shieldr4"
						{parameters "ID=shieldR4;"}
						{Matrix34
							-0.999187	-0.0401986	0.00311565
							-0.0401986	0.987247	-0.154039
							0.00311625	-0.154039	-0.98806
							6.18557	0.0825539	-5.54869
						}
						{VolumeView "shieldr4.ply"}
					}
					{bone "detail5"
						{Matrix34
							0.866194	-0.021178	-0.499259
							0.499301	0.0769946	0.863001
							0.0201636	-0.996807	0.0772664
							27.0221	-2.76495	-3.72769
						}
						{VolumeView "detail5.ply"}
					}
					{bone "detail6"
						{Matrix34
							0.866194	-0.021178	-0.499259
							0.499301	0.0769946	0.863001
							0.0201636	-0.996807	0.0772664
							30.7064	-2.22361	2.29244
						}
						{VolumeView "detail6.ply"}
					}
				}
				{bone "shieldr1"
					{parameters "ID=shieldR1;"}
					{Matrix34
						0	-0.999537	0.0304189
						0.0772824	-0.030328	-0.996548
						0.997009	0.00235069	0.0772466
						57.3292	0.120296	-14.3854
					}
					{VolumeView "shieldr1.ply"}
				}
				{bone "shieldr2"
					{parameters "ID=shieldR2;"}
					{Matrix34
						0	-0.999537	0.0304189
						0.0772824	-0.030328	-0.996548
						0.997009	0.00235069	0.0772466
						-7.43888	-25.5825	-9.0615
					}
					{VolumeView "shieldr2.ply"}
					{bone "detail4"
						{Matrix34
							0.00513054	0.0773844	0.996988
							-0.999784	-0.0197059	0.00667446
							0.0201631	-0.996807	0.0772666
							9.15726	-8.49712	-39.325
						}
						{VolumeView "detail4.ply"}
					}
					{bone "shieldr6"
						{parameters "ID=shieldR6;"}
						{Position -0.5467	10.3437	-15.3834}
						{VolumeView "shieldr6.ply"}
					}
				}
				{bone "shieldl2"
					{parameters "ID=shieldl2;"}
					{Matrix34
						0	-0.999537	0.0304189
						0.0772824	-0.030328	-0.996548
						0.997009	0.00235069	0.0772466
						-67.8667	21.1627	-8.10928
					}
					{VolumeView "shieldl2.ply"}
					{bone "shieldl3"
						{parameters "ID=shieldl3;"}
						{Matrix34
							-0.999187	-0.0401986	0.00311565
							-0.0401985	0.987247	-0.154039
							0.00311625	-0.154039	-0.98806
							16.3645	0.138523	-5.38752
						}
						{VolumeView "shieldl3.ply"}
					}
				}
				{bone "shieldl1"
					{parameters "ID=shieldl1;"}
					{Matrix34
						0	-0.999537	0.0304189
						0.0772824	-0.030328	-0.996548
						0.997009	0.00235069	0.0772466
						-8.03613	24.8063	-9.2056
					}
					{VolumeView "shieldl1.ply"}
					{bone "shieldl5"
						{parameters "ID=shieldl5;"}
						{Matrix34
							1	2.24132e-05	0.000263213
							-1.89673e-05	0.999914	-0.0130869
							-0.000263485	0.0130869	0.999914
							0.220835	9.80186	-19.6961
						}
						{VolumeView "shieldl5.ply"}
					}
				}
				{bone "detail2"
					{Matrix34
						-1	0	0
						0	0.266575	-0.963814
						0	-0.963814	-0.266575
						-26.5922	22.8882	-4.97182
					}
					{VolumeView "detail2.ply"}
				}
				{bone "detail3"
					{Matrix34
						1	0	0
						0	-0.286293	-0.958142
						0	0.958142	-0.286293
						-43.1673	22.7675	-4.97054
					}
					{VolumeView "detail3.ply"}
				}
				{bone "detail1"
					{Matrix34
						1	0	0
						0	-0.286293	-0.958142
						0	0.958142	-0.286293
						9.7893	-23.6198	-4.24382
					}
					{VolumeView "detail1.ply"}
				}
				{bone "detail7"
					{Matrix34
						0.113203	-0.0101927	-0.99352
						0.0246856	0.999667	-0.00744304
						0.993265	-0.023683	0.113417
						-23.5602	-24.1388	-7.15845
					}
					{VolumeView "detail7.ply"}
				}
				{bone "detail8"
					{Matrix34
						0.983155	0.00187502	0.182766
						-0.00454108	0.999889	0.0141699
						-0.182719	-0.0147612	0.983054
						-34.4308	-24.1051	-3.88341
					}
					{VolumeView "detail8.ply"}
				}
				{bone "detail9"
					{Matrix34
						0.999188	0.000413405	0.0402961
						-0.00100122	0.999893	0.0145682
						-0.0402858	-0.0145967	0.999082
						-38.1742	-24.1042	-3.79639
					}
					{VolumeView "detail9.ply"}
				}
				{bone "fxfire1"
					{Matrix34
						0.99983	1.33492e-05	0.0184201
						-0.0184193	0.0102584	0.999778
						-0.000175616	-0.999947	0.0102569
						24.0226	-15.5671	0.467594
					}
				}
				{bone "fxfire2"
					{Matrix34
						0.99983	1.33492e-05	0.0184201
						-0.0184193	0.0102584	0.999778
						-0.000175616	-0.999947	0.0102569
						-18.3346	6.37412	-9.85896
					}
				}
			}
		}
	}
}
{Volume "additional_triplex"
	{Cylinder 7.54834 2.36863}
	{Bone "turret"}
	{Matrix34
		0	-1.02815	0.0105478
		1.02821	0	2.02588e-05
		-2.02481e-05	0.0105478	1.02815
		-1.30184	-10.7001	1.44174
	}
}
{Volume "ammo_storage_main"
	{Cylinder 5.51181 23.622}
	{Bone "body_systems"}
	{Matrix34
		0	1.1311e-05	-1.02821
		-1.0282	-0.0034317	0
		-0.0034317	1.0282	1.12867e-05
		-4.38757	-59.4713	-1.56412
	}
}
{Volume "ammo_storage_main1"
	{Cylinder 4.52756 19.685}
	{Bone "turret_systems"}
	{Matrix34
		0.425607	-0.935985	0
		0.00314062	0.00142038	1.0282
		-0.935979	-0.425604	0.00344688
		-18.4925	-33.5704	0.083903
	}
}
{Volume "ammo_storage_mgun"
	{Box 4.52381 8.73016 6.8254}
	{Bone "gun_rot"}
	{Matrix34
		-1.32328e-05	-0.0143791	-1.02811
		1.02821	-0.00149625	0
		-0.00149616	-1.02811	0.0143791
		-12.6836	3.37638	5.84453
	}
}
{Volume "ammo_storage_mgun1"
	{Box 8.81059 6.55147 7.11625}
	{Bone "turret_systems"}
	{Matrix34
		0.459539	0.208967	0.895748
		-0.42562	0.935979	0
		-0.815402	-0.370788	0.504821
		-30.3443	-29.5841	-4.59181
	}
}
{Volume "autoloader"
	{Cylinder 5.90551 24.5669}
	{Bone "body_systems"}
	{Matrix34
		0	0	-1.02821
		-1.02758	0.0358226	0
		0.0358226	1.02758	0
		-3.90702	-59.598	-1.65172
	}
}
{Volume "autoloader1"
	{Cylinder 4.92126 20.6299}
	{Bone "turret_systems"}
	{Matrix34
		0.425618	-0.93598	0
		-0.032596	-0.0148213	1.02758
		-0.935412	-0.425359	-0.0358074
		-19.1368	-33.9596	-0.319371
	}
}
{Volume "autoloader2"
	{Box 4.52381 8.73016 6.8254}
	{Bone "turret_systems"}
	{Matrix34
		-1.51527e-05	0	-1.02821
		0.0262783	-1.02787	0
		-1.02787	-0.0262763	1.51489e-05
		-13.6541	-14.6887	0.190709
	}
}
{Volume "body1"
	{Polyhedron "body1.vol"}
	{Bone "body"}
	{Matrix34
		0	-0.999947	0.0102585
		1	0	0
		0	0.0102585	0.999947
		-6.02622	-0.746945	-15.0249
	}
}
{Volume "body3"
	{Polyhedron "body3.vol"}
	{Bone "body"}
	{Matrix34
		-1	0	0
		0	0.0102588	0.999947
		0	0.999947	-0.0102588
		52.0473	-22.1378	-18.7596
	}
}
{Volume "body4"
	{Polyhedron "body4.vol"}
	{Bone "body"}
	{Matrix34
		-1	0	0
		0	0.0102588	0.999947
		0	0.999947	-0.0102588
		-9.474	-23.976	-18.4659
	}
}
{Volume "body6"
	{Polyhedron "body6.vol"}
	{Bone "body"}
	{Matrix34
		-1	1.54098e-05	0
		0	0.0102587	0.999947
		1.54106e-05	0.999947	-0.0102587
		24.1439	-23.5746	0.172649
	}
}
{Volume "body7"
	{Polyhedron "body7.vol"}
	{Bone "body"}
	{Matrix34
		-1	0	0
		0	0.0102587	0.999947
		0	0.999947	-0.0102587
		-54.9495	-22.4513	-18.7986
	}
}
{Volume "commander_place"
	{Box 9.46018 9.40471 17.3567}
	{Bone "turret"}
	{Matrix34
		0	-1.02815	0.0105478
		1.02821	0	2.02588e-05
		-2.02481e-05	0.0105478	1.02815
		-2.556	-10.9007	-10.4037
	}
}
{Volume "commander_triplex"
	{Box 3.03514 5.59105 5.83067}
	{Bone "turret"}
	{Matrix34
		-1.02821	1.60896e-05	-1.83032e-05
		-1.81371e-05	0.0105479	1.02815
		1.62765e-05	1.02815	-0.0105479
		4.75087	9.14546	2.1701
	}
}
{Volume "commander_triplex2"
	{Polyhedron "commander_triplex2.vol"}
	{Bone "gun_rot"}
	{Matrix34
		-0.999937	-0.0111879	1.57356e-05
		0.0111875	-0.999885	0.0102584
		-9.90358e-05	0.0102579	0.999947
		-24.4635	-2.51692	-9.98953
	}
}
{Volume "driver_panel"
	{Box 1.75082 8.30229 12.4817}
	{Bone "body_systems"}
	{Matrix34
		0	0.962054	-0.362851
		0	0.362851	0.962054
		1.02821	0	0
		-13.1268	19.9111	0.89581
	}
}
{Volume "driver_place"
	{Box 9.46018 9.40471 17.3567}
	{Bone "body_systems"}
	{Matrix34
		1.02821	0	0
		0	1.02821	0
		0	0	1.02821
		-12.6311	10.9699	-0.870909
	}
}
{Volume "driver_triplex"
	{Box 4.30662 5.80941 11.7578}
	{Bone "body"}
	{Matrix34
		-1.01081	0.00194788	0.188346
		0.188356	0.0103667	1.01075
		1.58494e-05	1.02815	-0.0105481
		34.2468	9.68347	-1.60326
	}
}
{Volume "driver_triplex1"
	{Box 2.00637 3.80899 5.20926}
	{Bone "body"}
	{Matrix34
		-1.01081	0.00194788	0.188346
		0.188356	0.0103667	1.01075
		1.58494e-05	1.02815	-0.0105481
		45.735	9.81418	-4.14922
	}
}
{Volume "engine"
	{Polyhedron "engine.vol"}
	{Bone "body"}
	{Matrix34
		-1	1.54098e-05	0
		0	0.0102587	0.999947
		1.54106e-05	0.999947	-0.0102587
		34.1437	-21.9639	-6.87807
	}
}
{Volume "fuel_tank_external_a"
	{Polyhedron "fuel_tank_external_a.vol"}
	{Bone "body_systems"}
	{Matrix34
		0	1	0
		0	0	1
		1	0	0
		12.352	-75.5637	-7.7799
	}
}
{Volume "fuel_tank_external_b"
	{Polyhedron "fuel_tank_external_b.vol"}
	{Bone "body_systems"}
	{Matrix34
		0	1	0
		0	0	1
		1	0	0
		-26.3535	-75.5638	-7.77989
	}
}
{Volume "gun"
	{Cylinder 1.52145 66.924}
	{Bone "gun_rot"}
	{Matrix34
		1.63012e-05	0.0105477	1.02815
		-3.57119e-05	-1.02815	0.0105477
		1.02821	-3.59323e-05	-1.5934e-05
		58.9771	4.36978	0.410579
	}
}
{Volume "gunner_place"
	{Box 9.46018 9.40471 17.3567}
	{Bone "turret"}
	{Matrix34
		0	-1.02815	0.0105478
		1.02821	0	2.02588e-05
		-2.02481e-05	0.0105478	1.02815
		-2.55593	9.54144	-10.6135
	}
}
{Volume "mgun1"
	{Box 13.0192 2.23642 1.27796}
	{Bone "mgun"}
	{Matrix34
		1.02698	-0.0382827	-0.0325407
		-0.038247	-1.02749	0.00171871
		-0.0325764	-0.000507351	-1.02769
		0.575489	0.0486527	0.0958579
	}
}
{Volume "mgun"
	{Box 24.5096 2.23642 2.63578}
	{Bone "gun_rot"}
	{Matrix34
		-1.02821	1.83212e-05	1.61795e-05
		-1.81027e-05	-1.02815	0.010548
		1.6366e-05	0.010548	1.02815
		4.5043	0.0479663	7.26292
	}
}
{Volume "panel_engine_connectors"
	{Box 1.67731 3.35463 15.9744}
	{Bone "body_systems"}
	{Matrix34
		0	1.02821	0
		0	0	1.02821
		1.02821	0	0
		-6.06071	18.8702	-4.11777
	}
}
{Volume "ppu"
	{Box 5.7508 5.83067 7.50799}
	{Bone "body_systems"}
	{Matrix34
		0	-0.924526	0.449956
		0	0.449956	0.924526
		-1.02821	0	0
		4.22272	33.8684	-1.17824
	}
}
{Volume "recoil_gun_back"
	{Polyhedron "recoil_gun_back.vol"}
	{Bone "body"}
	{Matrix34
		0.707107	0.707069	-0.00725592
		-0.707107	0.707069	-0.00725394
		0	-0.0102597	-0.999947
		-20.1145	-1.18948	-30.5373
	}
}
{Volume "recoil_gun_front"
	{Polyhedron "recoil_gun_front.vol"}
	{Bone "body"}
	{Matrix34
		0.707107	0.707069	-0.00725592
		-0.707107	0.707069	-0.00725394
		0	-0.0102597	-0.999947
		-20.1145	-1.18948	-30.5373
	}
}
{Volume "recoil_gun_left"
	{Polyhedron "recoil_gun_left.vol"}
	{Bone "body"}
	{Matrix34
		0.707107	0.707069	-0.00725592
		-0.707107	0.707069	-0.00725394
		0	-0.0102597	-0.999947
		-20.1145	-1.18948	-30.5373
	}
}
{Volume "recoil_gun_right"
	{Polyhedron "recoil_gun_right.vol"}
	{Bone "body"}
	{Matrix34
		0.707107	0.707069	-0.00725592
		-0.707107	0.707069	-0.00725394
		0	-0.0102597	-0.999947
		-20.1145	-1.18948	-30.5373
	}
}
{Volume "shieldl1"
	{Polyhedron "shieldl1.vol"}
	{Bone "shieldl1"}
	{Matrix34
		-0.00872494	0.0771041	0.996985
		-0.999759	-0.0207774	-0.00714234
		0.0201641	-0.996807	0.0772667
		-4.92107	-0.263212	0.97169
	}
}
{Volume "shieldl2"
	{Polyhedron "shieldl2.vol"}
	{Bone "shieldl2"}
	{Matrix34
		0.999797	0.0201036	-0.0015583
		0	-0.0772823	-0.997009
		0.0201639	-0.996807	0.0772666
		0.718987	0.198395	0.51252
	}
}
{Volume "shieldl3"
	{Polyhedron "shieldl3.vol"}
	{Bone "shieldl3"}
	{Matrix34
		0	-0.0772819	-0.997009
		0.999797	0.0201031	-0.00155839
		0.0201634	-0.996807	0.0772661
		-2.06665	7.78708	-1.08125
	}
}
{Volume "shieldl5"
	{Polyhedron "shieldl5.vol"}
	{Bone "shieldl5"}
	{Matrix34
		0	-0.0772823	-0.997009
		0.999797	0.0201027	-0.00155826
		0.020163	-0.996807	0.0772667
		0.0225105	0.359631	-0.0104408
	}
}
{Volume "shieldl6"
	{Polyhedron "shieldl6.vol"}
	{Bone "shieldl6"}
	{Matrix34
		0.00741352	0.999972	-0.000637868
		-0.999966	0.00741136	-0.00357884
		-0.00357374	0.000664391	0.999993
		0.0957457	-1.301	10.52
	}
}
{Volume "shieldr1"
	{Polyhedron "shieldr1.vol"}
	{Bone "shieldr1"}
	{Matrix34
		0	0.0772824	0.997009
		-0.999797	-0.0201035	0.00155819
		0.0201638	-0.996807	0.0772667
		0.257111	0.27338	0.22308
	}
}
{Volume "shieldr2"
	{Polyhedron "shieldr2.vol"}
	{Bone "shieldr2"}
	{Matrix34
		-0.00872493	0.0771041	0.996985
		-0.999759	-0.0207765	-0.00714241
		0.0201631	-0.996807	0.0772667
		4.58711	-0.490084	0.390141
	}
}
{Volume "shieldr3"
	{Polyhedron "shieldr3.vol"}
	{Bone "shieldr3"}
	{Matrix34
		-0.999797	-0.0201034	0.0015583
		0	-0.0772823	-0.997009
		0.0201637	-0.996807	0.0772666
		21.6746	0.785164	0.515446
	}
}
{Volume "shieldr4"
	{Polyhedron "shieldr4.vol"}
	{Bone "shieldr4"}
	{Matrix34
		0	-0.0772819	-0.997009
		0.999797	0.0201031	-0.00155839
		0.0201634	-0.996807	0.0772662
		-3.27599	7.7463	-1.29185
	}
}
{Volume "shieldr6"
	{Polyhedron "shieldr6.vol"}
	{Bone "shieldr6"}
	{Matrix34
		0	-0.0772824	-0.997009
		0.999797	0.0201027	-0.00155825
		0.020163	-0.996807	0.0772667
		0.82103	-0.0966187	0.0565472
	}
}
{Volume "stabilizer"
	{Box 15.671 5.53794 6.58377}
	{Bone "gun_rot"}
	{Matrix34
		-1.02821	1.83212e-05	1.61795e-05
		-1.81027e-05	-1.02815	0.010548
		1.6366e-05	0.010548	1.02815
		18.7587	4.16209	0.51184
	}
}
{Volume "transmission"
	{Box 80.3641 2.13847 22.6847}
	{Bone "body_systems"}
	{Matrix34
		0	1.02821	0
		0	0	1.02821
		1.02821	0	0
		-4.38389	-19.4328	-12.7682
	}
}
{Volume "transmission1"
	{Box 14.0575 14.0575 11.1821}
	{Bone "body_systems"}
	{Matrix34
		0	1.02821	0
		0	0	1.02821
		1.02821	0	0
		1.45207	-0.781707	-4.73282
	}
}
{Volume "turret1"
	{Polyhedron "turret1.vol"}
	{Bone "gun_rot"}
	{Matrix34
		-1	1.7806e-05	1.57356e-05
		-1.76188e-05	-0.999947	0.0102586
		1.59172e-05	0.0102586	0.999947
		-1.37799	4.0867	-0.0142106
	}
}
{Volume "turret2"
	{Polyhedron "turret2.vol"}
	{Bone "gun_rot"}
	{Matrix34
		0	-0.0102593	-0.999947
		1	-1.49598e-05	0
		-1.49291e-05	-0.999947	0.0102593
		-22.7697	4.20502	-9.53878
	}
}
{Volume "turret3"
	{Polyhedron "turret3.vol"}
	{Bone "gun_rot"}
	{Matrix34
		-0.968655	0.248387	-0.00344774
		-0.24841	-0.96856	0.013547
		2.5566e-05	0.0139789	0.999902
		-8.58815	15.0731	-2.62192
	}
}
{Volume "turret4"
	{Polyhedron "turret4.vol"}
	{Bone "gun_rot"}
	{Matrix34
		0	-0.0102593	-0.999947
		1	-1.49598e-05	0
		-1.49291e-05	-0.999947	0.0102593
		-22.7697	4.28492	9.13074
	}
}
{Volume "turret_move_engine"
	{Box 3.93701 3.93701 3.93701}
	{Bone "body_systems"}
	{Matrix34
		0	1.02821	0
		-1.02821	0	0
		0	0	1.02821
		8.43376	-22.8004	6.03801
	}
}
{Volume "turret_ring"
	{Cylinder 16.7872 3.49206}
	{Bone "turret_systems"}
	{Matrix34
		-1.51527e-05	0	-1.02821
		-0.936876	-0.423639	1.3789e-05
		-0.42364	0.936877	0
		-23.3292	-24.927	-0.165468
	}
}
{Volume "turret"
	{Polyhedron "turret.vol"}
	{Bone "turret"}
	{Matrix34
		1	0	1.7643e-05
		0	0.999947	-0.0102585
		-1.7642e-05	0.0102585	0.999947
		0.131705	0.321641	-4.80802
	}
}
{Volume "wheelleft1"
	{Cylinder 10.3731 5.51723}
	{Bone "wheell1"}
	{Matrix34
		-1.02821	0	0
		0	-1.02821	0
		0	0	1.02821
		0.340458	-0.146878	0.160125
	}
}
{Volume "wheelleft2"
	{Cylinder 10.3731 5.51723}
	{Bone "wheell2"}
	{Matrix34
		-1.02821	0	0
		0	-1.02821	0
		0	0	1.02821
		0.0805416	0.254961	0.250295
	}
}
{Volume "wheelleft3"
	{Cylinder 10.3731 5.51723}
	{Bone "wheell3"}
	{Matrix34
		-1.02821	0	0
		0	-1.02821	0
		0	0	1.02821
		0.1298	0.28281	0.354565
	}
}
{Volume "wheelleft4"
	{Cylinder 10.3731 5.51723}
	{Bone "wheell4"}
	{Matrix34
		-1.02821	0	0
		0	-1.02821	0
		0	0	1.02821
		0.35722	0.332624	0.445117
	}
}
{Volume "wheelright1"
	{Cylinder 10.3731 5.51723}
	{Bone "wheelr1"}
	{Matrix34
		-1.02821	0	0
		0	-1.02821	0
		0	0	1.02821
		0.282806	-0.103026	0.359245
	}
}
{Volume "wheelright2"
	{Cylinder 10.3731 5.51723}
	{Bone "wheelr2"}
	{Matrix34
		-1.02821	0	0
		0	-1.02821	0
		0	0	1.02821
		-0.103371	0.298948	0.449418
	}
}
{Volume "wheelright3"
	{Cylinder 10.3731 5.51723}
	{Bone "wheelr3"}
	{Matrix34
		-1.02821	0	0
		0	-1.02821	0
		0	0	1.02821
		-0.102017	0.321469	0.553647
	}
}
{Volume "wheelright4"
	{Cylinder 10.3731 5.51723}
	{Bone "wheelr4"}
	{Matrix34
		-1.02821	0	0
		0	-1.02821	0
		0	0	1.02821
		-0.0933914	0.341146	0.644374
	}
}
