;Exported by: Администратор
;Date:        Thu Jul 05 20:53:20 2012
;File:        G:\Работа с Pheonix\Редактирование\Мои модели\Авиация\Навесняк\РФ\48N6E2\48N6E2.max
{Skeleton
	{animation
		{sequence "move" {speed 0.35}}
	}
	{bone "basis"
		{Orientation
			1	0	0
			0	-1	0
			0	0	1
		}
		{bone "body"
			{Matrix34
				0	0.707107	-0.707107
				0	0.707107	0.707107
				1	0	0
				0	0	0
			}
			{VolumeView "body.ply"}
			{bone "tail"
				{Matrix34
					0	0	-1
					-0.707107	0.707107	0
					0.707107	0.707107	0
					-0.391109	-0.438785	-72.5948
				}
			}
			{bone "tail1"
				{Matrix34
					0	0	-1
					-0.707107	0.707107	0
					0.707107	0.707107	0
					-0.379755	-0.427425	-58.7224
				}
			}
			{bone "tail2"
				{Matrix34
					0	0	-1
					-0.707107	0.707107	0
					0.707107	0.707107	0
					-0.499872	-0.547544	-86.6786
				}
			}
		}
	}
}
{Volume "body"
	{Box 157.48 23.622 23.622}
	{Bone "body"}
	{Matrix34
		0	0	1
		0.707107	-0.707106	0
		0.707106	0.707107	0
		-0.229639	-0.191706	-1.06566
	}
}
{Volume "controls"
	{Box 30.7068 10.3559 10.9447}
	{Bone "body"}
	{Matrix34
		0	0	1
		0.707107	-0.707106	0
		0.707106	0.707107	0
		-0.209142	-0.171219	58.6575
	}
}
{Volume "engine"
	{Box 78.9787 9.97795 12.5911}
	{Bone "body"}
	{Matrix34
		0	0	1
		0.707107	-0.707106	0
		0.707106	0.707107	0
		-0.406161	-0.368238	-40.0716
	}
}
{Volume "warhead"
	{Box 42.6752 9.86988 10.5399}
	{Bone "body"}
	{Matrix34
		0	0	1
		0.707107	-0.707106	0
		0.707106	0.707107	0
		-0.21862	-0.180699	22.2736
	}
}
{Extender "preview"
	{"Stuff"
		{camera
			{origin 5.5814	-117.958	-3.6266}
			{lookat 0.371566	-9.2522	3.25118}
			{fov 31.7555}
			{horizon 179.83}
		}
		{lights
			{"0"
				{type point}
				{position 12.0074	-12.7628	2.4695}
			}
			{"1"
				{type directional}
				{direction -0.317994	0.319255	-0.216693}
			}
			{"2"
				{type point}
				{position 8.77798	-4.87292	8.8025}
			}
		}
	}
}
