;Exported by: Timosh
;Date:        Tue Jan 17 10:11:21 2023
;File:        G:\?????? ? Pheonix\??????????????\??????\??? ? ???\???-4?\???4?_Cagyar\???-4? final 1.max
{Skeleton
	{animation
		{sequence "start"}
		{sequence "stop"}
		{sequence "fire" {speed 0.8}}
		{sequence "open" {speed 0.25} {resume}}
		{sequence "open_gunner" {speed 0.25} {resume}}
		{sequence "open_driver" {speed 0.25} {resume}}
		{sequence "open_gunner_l" {speed 0.25} {resume}}
		{sequence "open_gunner_r" {speed 0.25} {resume}}
		{sequence "open_desant" {speed 0.25}}
		{sequence "open_desant_dis" {speed 0.25}}
		{sequence "open_volnorez" {speed 0.8} {resume}}
		{sequence "fire_front"}
		{sequence "fire_left"}
		{sequence "fire_right"}
		{sequence "fire_back"}
	}
	{bone "basis"
		{parameters "Wheelradius=0.5;"}
		{Orientation
			1	0	0
			0	-1	0
			0	0	1
		}
		{bone "emit4"
			{Matrix34
				0.00488692	0.999988	0
				-0.999942	0.0048867	-0.00959906
				-0.00959895	4.69099e-05	0.999954
				4.95571	-51.4867	0
			}
			{visibility 0}
		}
		{bone "emit5"
			{Matrix34
				-0.00488725	-0.999988	0
				0.999942	-0.00488702	0.00959917
				-0.00959905	4.69121e-05	0.999954
				5.33667	52.3467	0
			}
			{visibility 0}
		}
		{bone "emit2"
			{Matrix34
				0.00488692	0.999988	0
				-0.999942	0.0048867	-0.00959906
				-0.00959895	4.69099e-05	0.999954
				34.3833	-42.6582	0
			}
			{visibility 0}
		}
		{bone "emit1"
			{Matrix34
				-0.00488725	-0.999988	0
				0.999942	-0.00488702	0.00959917
				-0.00959905	4.69121e-05	0.999954
				34.7364	43.6529	0
			}
			{visibility 0}
		}
		{bone "wheelsr"
			{parameters "ID=trackright;"}
			{animation
				{sequence "repair" {file "trackR_r.anm"}}
			}
			{Matrix34
				0.00488692	0.999988	0
				-0.00959914	4.69108e-05	0.999954
				0.999942	-0.0048867	0.00959926
				3.05859	-18.2432	10.8146
			}
			{bone "trackr"
				{parameters "ID=trackright;"}
				{Matrix34
					0.999988	4.69112e-05	-0.00488674
					0	0.999954	0.0095993
					0.00488697	-0.00959919	0.999942
					-7.39503	1.27217	-1.50259
				}
				{VolumeView "trackr.ply"}
			}
			{bone prizmatic "suspension_r4"
				{limits -0.2 0.1}
				{speed 0.5}
				{Matrix34
					-1	0	0
					0	-1.57226e-05	1
					0	1	1.57254e-05
					-3.49571	-3.36918	-20.1929
				}
				{bone revolute "wheelr5"
					{parameters "ID=trackright;"}
					{Matrix34
						-0.00488764	0.999942	-0.00958356
						0	-0.00958367	-0.999954
						-0.999988	-0.00488736	4.72977e-05
						4.51114	0.0113754	0.0439725
					}
					{VolumeView "wheelr5.ply"}
				}
			}
			{bone prizmatic "suspension_r5"
				{limits -0.2 0.1}
				{speed 0.5}
				{Matrix34
					-1	0	0
					0	-1.57226e-05	1
					0	1	1.57254e-05
					-3.56652	-3.23011	-34.6804
				}
				{bone revolute "wheelr6"
					{parameters "ID=trackright;"}
					{Matrix34
						-0.00491435	0.999942	-0.0095836
						0	-0.00958381	-0.999954
						-0.999988	-0.00491376	5.50611e-05
						4.51123	0.0114079	-0.0136352
					}
					{VolumeView "wheelr6.ply"}
				}
			}
			{bone prizmatic "suspension_r1"
				{limits -0.2 0.1}
				{speed 0.5}
				{Matrix34
					-1	0	0
					0	-1.57226e-05	1
					0	1	1.57254e-05
					-3.26812	-3.81623	26.3759
				}
				{bone revolute "wheelr2"
					{parameters "ID=trackright;"}
					{Matrix34
						-0.00488777	0.999942	-0.00958386
						0	-0.00958398	-0.999954
						-0.999988	-0.00488748	4.73093e-05
						4.51145	-0.00348473	0.0157447
					}
					{VolumeView "wheelr2.ply"}
				}
			}
			{bone prizmatic "suspension_r2"
				{limits -0.2 0.1}
				{speed 0.5}
				{Matrix34
					-1	0	0
					0	-1.57226e-05	1
					0	1	1.57254e-05
					-3.34493	-3.66536	10.6593
				}
				{bone revolute "wheelr3"
					{parameters "ID=trackright;"}
					{Matrix34
						-0.00490031	0.999942	-0.00958335
						0	-0.00958352	-0.999954
						-0.999988	-0.00489995	4.87537e-05
						4.51129	-0.0205641	-0.00815535
					}
					{VolumeView "wheelr3.ply"}
				}
			}
			{bone prizmatic "suspension_r3"
				{limits -0.2 0.1}
				{speed 0.5}
				{Matrix34
					-1	0	0
					0	-1.57226e-05	1
					0	1	1.57254e-05
					-3.41881	-3.52025	-4.4565
				}
				{bone revolute "wheelr4"
					{parameters "ID=trackright;"}
					{Matrix34
						-0.00486542	0.999942	-0.00958341
						0	-0.0095836	-0.999954
						-0.999988	-0.00486522	5.16186e-05
						4.51131	-0.0143548	-0.00653267
					}
					{VolumeView "wheelr4.ply"}
				}
			}
		}
		{bone "wheelsl"
			{parameters "ID=trackleft;"}
			{animation
				{sequence "repair" {file "trackL_r.anm"}}
			}
			{Matrix34
				0.00488692	0.999988	0
				-0.00959914	4.69108e-05	0.999954
				0.999942	-0.0048867	0.00959926
				3.25384	18.4853	10.8146
			}
			{bone "trackl"
				{parameters "ID=trackleft;"}
				{Matrix34
					0.999988	4.69112e-05	-0.00488674
					0	0.999954	0.0095993
					0.00488697	-0.00959919	0.999942
					6.59624	1.2747	-1.76621
				}
				{VolumeView "trackl.ply"}
			}
			{bone prizmatic "suspension_l1"
				{limits -0.2 0.1}
				{speed 0.5}
				{Matrix34
					1	0	0
					0	-1.57235e-05	-1
					0	1	-1.57245e-05
					2.08687	-3.8141	26.1545
				}
				{bone revolute "wheell2"
					{parameters "ID=trackleft;"}
					{Matrix34
						0.00486432	-0.999942	-0.00961532
						-0.00959906	0.00956838	-0.999908
						0.999942	0.00495611	-0.00955191
						5.25653	0.114325	-0.00132942
					}
					{VolumeView "wheell2.ply"}
				}
			}
			{bone prizmatic "suspension_l2"
				{limits -0.2 0.1}
				{speed 0.5}
				{Matrix34
					1	0	0
					0	-1.57235e-05	-1
					0	1	-1.57245e-05
					2.01006	-3.66323	10.4379
				}
				{bone revolute "wheell3"
					{parameters "ID=trackleft;"}
					{Matrix34
						0.00488769	-0.999942	-0.00961483
						0	0.00961503	-0.999954
						0.999988	0.0048874	4.70494e-05
						5.18524	0.0676413	0.0213747
					}
					{VolumeView "wheell3.ply"}
				}
			}
			{bone prizmatic "suspension_l3"
				{limits -0.2 0.1}
				{speed 0.5}
				{Matrix34
					1	0	0
					0	-1.57235e-05	-1
					0	1	-1.57245e-05
					1.93619	-3.51812	-4.67791
				}
				{bone revolute "wheell4"
					{parameters "ID=trackleft;"}
					{Matrix34
						0.00488721	-0.999942	-0.00961486
						0	0.00961498	-0.999954
						0.999988	0.00488692	4.70091e-05
						5.18519	0.0614988	0.0195394
					}
					{VolumeView "wheell4.ply"}
				}
			}
			{bone prizmatic "suspension_l4"
				{limits -0.2 0.1}
				{speed 0.5}
				{Matrix34
					1	0	0
					0	-1.57235e-05	-1
					0	1	-1.57245e-05
					1.85928	-3.36706	-20.4143
				}
				{bone revolute "wheell5"
					{parameters "ID=trackleft;"}
					{Matrix34
						0.00488732	-0.999942	-0.00961471
						0	0.0096148	-0.999954
						0.999988	0.0048871	4.67369e-05
						5.18537	0.0367451	-0.031527
					}
					{VolumeView "wheell5.ply"}
				}
			}
			{bone prizmatic "suspension_l5"
				{limits -0.2 0.1}
				{speed 0.5}
				{Matrix34
					1	0	0
					0	-1.57235e-05	-1
					0	1	-1.57245e-05
					1.78848	-3.22798	-34.9018
				}
				{bone revolute "wheell6"
					{parameters "ID=trackleft;"}
					{Matrix34
						0.00488721	-0.999942	-0.00961487
						0	0.00961504	-0.999954
						0.999988	0.00488692	4.70805e-05
						5.18546	0.0356693	0.0262666
					}
					{VolumeView "wheell6.ply"}
				}
			}
		}
		{bone "fxtracer1"
			{Matrix34
				0.999942	-0.00488703	0.00959907
				0.00488725	0.999988	0
				-0.00959895	4.68683e-05	0.999954
				31.0003	-25.9678	-0.0219868
			}
		}
		{bone "fxtracer2"
			{Matrix34
				-0.999971	0.00473258	-0.0059639
				-0.00472516	-0.999988	-0.00124773
				-0.00596973	-0.00121955	0.999981
				-33.4419	-25.8049	0.0168028
			}
		}
		{bone "fxtracel2"
			{Matrix34
				-0.999971	0.00473258	-0.0059639
				-0.00472516	-0.999988	-0.00124773
				-0.00596973	-0.00121955	0.999981
				-33.4477	25.5521	0.0379318
			}
		}
		{bone "fxtracel1"
			{Matrix34
				0.999942	-0.00488703	0.00959907
				0.00488725	0.999988	0
				-0.00959895	4.68683e-05	0.999954
				31.018	25.5715	-0.0193042
			}
		}
		{bone "body_holder"
			{Matrix34
				0	1	0
				-1	0	0
				0	0	1
				5.92674	-0.366882	24.3607
			}
			{bone "body"
				{parameters "ID=body;"}
				{animation
					{sequence "repair" {file "body_r.anm"}}
				}
				{Matrix34
					0.999988	-0.00488637	0
					0.00488615	0.999942	-0.00959906
					4.69068e-05	0.00959895	0.999954
					0	0	0
				}
				{VolumeView "body.ply"}
				{bone "body_systems"
					{Matrix34
						0	-1	0
						1	0	0
						0	0	1
						-0.61855	7.40938	-3.72875
					}
				}
				{bone "fxsmoke2"
					{Matrix34
						-0.976352	0.21255	0.0394831
						-0.213885	-0.97629	-0.0333357
						0.0314615	-0.0409922	0.998664
						-29.0902	45.8809	3.8948
					}
				}
				{bone "fxsmoke1"
					{Matrix34
						-0.995966	0.0709582	0.0549199
						-0.0752046	-0.993989	-0.0795609
						0.048944	-0.0833702	0.995316
						-27.4429	33.816	2.95628
					}
				}
				{bone "fxstop2"
					{Matrix34
						0	1	0
						-1	0	0
						0	0	1
						27.3552	60.3874	10.1363
					}
				}
				{bone "fxstop1"
					{Matrix34
						0	1	0
						-1	0	0
						0	0	1
						-27.8245	60.0987	10.1336
					}
				}
				{bone "cover_mgunner_right"
					{parameters "ID=body;"}
					{Matrix34
						0.00485811	-0.999902	0.0131551
						0.999988	0.00485853	0
						-6.39152e-05	0.0131549	0.999914
						-18.2122	-33.8089	12.1158
					}
					{VolumeView "cover_mgunner_right.ply"}
				}
				{bone "driver_cover"
					{Matrix34
						0.00488688	-0.999942	-0.00959902
						0.999988	0.00488664	4.67013e-05
						0	-0.00959912	0.999954
						-6.31162	-33.9447	12.2564
					}
					{VolumeView "driver_cover.ply"}
				}
				{bone "cover_mgunner_left"
					{parameters "ID=body;"}
					{Matrix34
						0.00486832	-0.999988	0
						0.999988	0.00486833	0
						0	0	1
						18.7372	-33.2692	12.3231
					}
					{VolumeView "cover_mgunner_left.ply"}
				}
				{bone "torsions"
					{parameters "ID=body;"}
					{Position 0.283944	4.86896	-14.2609}
					{VolumeView "torsions.ply"}
				}
				{bone revolute "turret"
					{parameters "ID=turret;"}
					{animation
						{sequence "repair" {file "turret_r.anm"}}
					}
					{speed 0.01}
					{Matrix34
						0	-1	0
						1	0	0
						0	0	1
						-0.231825	-7.71554	20.6517
					}
					{VolumeView "turret.ply"}
					{bone "turret_systems_helper"
						{Matrix34
							0.707107	0	0.707107
							0	-1	0
							0.707107	0	-0.707107
							-2.50614	8.48047	-5.32008
						}
					}
					{bone "gunner_cover"
						{parameters "ID=turret;"}
						{Position -2.13342	9.70601	1.29603}
						{VolumeView "gunner_cover.ply"}
					}
					{bone "cw_panorama_basis"
						{Matrix34
							0.999942	0.00488661	-0.00959895
							-0.00488638	0.999988	4.69066e-05
							0.00959906	0	0.999954
							6.53151	-8.93541	2.26124
						}
						{bone "cw_panorama"
							{Position 0	0	0}
							{VolumeView "cw_panorama.ply"}
							{bone "visor1"
								{Matrix34
									0.999942	-0.00488674	0.00959908
									0.00488697	0.999988	0
									-0.00959893	4.75009e-05	0.999954
									2.43119	0.00786686	2.16597
								}
							}
						}
					}
					{bone "gun_recoil"
						{Matrix34
							0.999942	0.00488673	-0.00959896
							-0.0048865	0.999988	4.69066e-05
							0.00959906	0	0.999954
							10.2708	0.0526397	-37.5429
						}
					}
					{bone "smoke_guns"
						{parameters "id=turret;"}
						{Matrix34
							1	0	0
							0	-1	0
							0	0	1
							12.1766	-0.565644	-3.83018
						}
						{VolumeView "smoke_guns.ply"}
						{bone revolute "smokegun_rot21"
							{limits -20 20}
							{speed 2}
							{Matrix34
								0.48542	-0.0327577	0.873667
								-0.0582529	-0.998289	-0.0050647
								-0.872338	0.0484352	0.486498
								2.01254	-15.7355	3.69932
							}
							{bone revolute "foresight21"
								{limits -30 30}
								{speed 2}
								{Matrix34
									1	0	0
									0	0	1
									0	-1	0
									0.0465469	0.033371	0.002882
								}
							}
						}
						{bone revolute "smokegun_rot20"
							{limits -20 20}
							{speed 2}
							{Matrix34
								0.499375	0.0250019	0.866026
								0.0500053	-0.998749	0
								-0.864942	-0.0433062	0.500001
								2.15655	14.6575	3.70798
							}
							{bone revolute "foresight20"
								{limits -30 30}
								{speed 2}
								{Matrix34
									1	0	0
									0	1	0
									0	0	1
									0.0281487	-0.0521812	-0.0256367
								}
							}
						}
					}
					{bone "anten1"
						{Matrix34
							-0.00488665	0.999988	4.67299e-05
							-0.999942	-0.00488687	0.00959896
							0.00959906	0	0.999954
							-17.3253	12.7828	33.7283
						}
						{VolumeView "anten1.ply"}
					}
					{bone "anten2"
						{Matrix34
							-0.00488665	0.999988	4.67299e-05
							-0.999942	-0.00488687	0.00959896
							0.00959906	0	0.999954
							-17.2082	-13.057	33.7271
						}
						{VolumeView "anten2.ply"}
					}
					{bone "entetier_turret"
						{Matrix34
							0.999942	0.00488673	-0.00959896
							-0.0048865	0.999988	4.69077e-05
							0.00959905	0	0.999954
							-1.49401	0.250393	-17.5739
						}
						{VolumeView "entetier_turret.ply"}
					}
					{bone "com_cover"
						{parameters "ID=turret;"}
						{Matrix34
							0.999547	0.0301054	0
							-0.0301054	0.999547	0.000288991
							0	-0.000289002	1
							-1.95785	-9.23611	1.30182
						}
						{VolumeView "com_cover.ply"}
					}
					{bone "visor3"
						{Matrix34
							1	-0.000750163	0
							-0.000650126	1	0
							0	0	1
							7.33475	10.8879	3.12324
						}
					}
					{bone "turret_systems"
						{Matrix34
							0.0253191	-0.00555979	0.999664
							-0.00476914	0.999979	0.00428158
							-0.999668	-0.00486234	0.0252921
							-18.6973	1.16921	-2.92744
						}
					}
					{bone "fxfire3"
						{Matrix34
							0.0095989	0	0.999954
							-0.00488691	0.999988	4.6906e-05
							-0.999942	-0.00488714	0.00959879
							-6.12089	-9.45447	0.00481033
						}
					}
					{bone "az_reload_luk"
						{parameters "ID=turret;"}
						{Matrix34
							0.999942	0.00488673	-0.00959895
							-0.0048865	0.999988	4.69054e-05
							0.00959906	0	0.999954
							-19.6207	-0.919653	-1.51338
						}
						{VolumeView "az_reload_luk.ply"}
					}
					{bone "antenn_anim_helper1"
						{Matrix34
							-0.999942	-0.00488653	0.00959906
							0.00959917	0	0.999954
							-0.00488631	0.999988	4.68033e-05
							-17.0365	12.9246	61.5899
						}
					}
					{bone "antenn_anim_helper2"
						{Matrix34
							-0.999942	-0.00488653	0.00959906
							0.00959917	0	0.999954
							-0.00488631	0.999988	4.68033e-05
							-16.9091	-13.1483	61.5887
						}
					}
					{bone "optic_shiels_l"
						{parameters "ID=turret;"}
						{Matrix34
							-0.0920186	0.995757	0.000883102
							-0.995711	-0.0920228	0.00955833
							0.00959904	0	0.999954
							6.97307	12.8265	2.84147
						}
						{VolumeView "optic_shiels_l.ply"}
					}
					{bone "optic_shiels_r"
						{parameters "ID=turret;"}
						{Matrix34
							-0.168826	-0.985645	0.00162077
							0.985599	-0.168834	-0.00946125
							0.00959907	0	0.999954
							6.98483	8.8937	2.84544
						}
						{VolumeView "optic_shiels_r.ply"}
					}
					{bone "gun_up"
						{Matrix34
							0.999942	0.00488672	-0.00959895
							-0.00959906	0	-0.999954
							-0.0048865	0.999988	4.67397e-05
							11.8588	1.54812	-4.0046
						}
						{bone revolute "gun_rot"
							{parameters "ID=gun;"}
							{limits -60 5}
							{speed 0.01}
							{Matrix34
								0.999979	0.00436347	-0.00488656
								-0.00436341	0.99999	2.09807e-05
								0.0048866	0	0.999988
								0	0	-1.84774e-05
							}
							{VolumeView "gun_rot.ply"}
							{bone "gun1"
								{parameters "ID=gun;"}
								{Position 32.7828	-0.460846	-0.0862234}
								{VolumeView "gun1.ply"}
								{bone "foresight1"
									{Matrix34
										1	0	0
										0	0	1
										0	-1	0
										17.9126	-0.0508881	1.55828
									}
								}
							}
							{bone "gun2"
								{parameters "ID=gun2;"}
								{Matrix34
									-0.0048864	2.11599e-05	0.999988
									-0.00437894	-0.99999	0
									0.999979	-0.00437887	0.00488644
									29.5485	-0.360188	-2.16755
								}
								{VolumeView "gun2.ply"}
								{bone "foresight6"
									{Matrix34
										-0.00488687	-0.00437883	0.999978
										0.999988	0	0.00488689
										-2.05042e-05	0.99999	0.00437873
										-0.0922273	0.0972557	14.48
									}
								}
							}
							{bone "fxshell_canon"
								{Matrix34
									0.999986	0.00523583	-0.000750287
									-0.000649884	-2.49834e-05	1
									0.00523576	-0.999986	0
									5.14907	-0.249401	-4.25543
								}
							}
							{bone "foresight3"
								{Matrix34
									0.999982	-0.00436334	0.00413657
									-0.00553682	1.77363e-05	0.999985
									-0.00436347	-0.99999	0
									7.87714	-0.394688	4.54975
								}
							}
						}
					}
				}
				{bone "fxfire1"
					{Matrix34
						0	-0.0095989	0.999954
						0.999988	0.00488033	4.68494e-05
						-0.00488055	0.999942	0.00959879
						-19.1582	41.7318	7.14338
					}
				}
				{bone "fxfire2"
					{Matrix34
						-0.0547977	0.495241	0.867026
						0.998489	0.0308442	0.0454883
						-0.00421503	0.868208	-0.496183
						2.60795	18.7487	0.890581
					}
				}
				{bone "cover_back"
					{Matrix34
						-0.520476	-0.853072	-0.0370678
						0.853814	-0.51942	-0.0347105
						0.0103568	-0.049715	0.99871
						23.2065	16.5696	12.6873
					}
					{VolumeView "cover_back.ply"}
				}
				{bone "headlightr"
					{Matrix34
						-0.000750687	-1	0
						1	0.000649689	0
						0	0	1
						-23.4358	-47.1823	9.78769
					}
				}
				{bone "fxlight"
					{Matrix34
						-0.000750687	-1	0
						1	0.000649689	0
						0	0	1
						0.0709293	-47.0844	9.74069
					}
				}
				{bone "headlightl"
					{Matrix34
						-0.000750687	-1	0
						1	0.000649689	0
						0	0	1
						24.676	-47.0575	9.81126
					}
				}
				{bone "visor2"
					{Matrix34
						-0.000750687	-1	0
						1	0.000649689	0
						0	0	1
						0.559629	-40.6179	12.3741
					}
				}
				{bone revolute "mgun2_rot"
					{limits -5 15}
					{Matrix34
						0.00488604	-0.999942	-0.00959895
						0	-0.00959906	0.999954
						-0.999988	-0.00488582	-4.70099e-05
						14.3367	-53.405	6.47284
					}
					{bone revolute "mgun2"
						{limits -15 15}
						{Matrix34
							1	0	0
							0	0	-1
							0	1	0
							0.014328	0.0450478	-0.00682259
						}
						{VolumeView "mgun2.ply"}
						{bone revolute "foresight5"
							{limits -15 15}
							{Matrix34
								0.99957	-0.00563562	0.0287905
								-0.0287902	0.00014542	0.999586
								-0.00423746	-0.999991	0
								2.65821	-0.00956631	0.00445366
							}
						}
					}
				}
				{bone revolute "mgun_rot"
					{limits -5 15}
					{Matrix34
						0.00488604	-0.999942	-0.00959895
						0	-0.00959906	0.999954
						-0.999988	-0.00488582	-4.70099e-05
						-13.4811	-53.5405	6.47162
					}
					{bone revolute "mgun"
						{limits -15 15}
						{Matrix34
							1	0	0
							0	0	-1
							0	1	0
							0.0142708	0.0450439	-0.0100317
						}
						{VolumeView "mgun.ply"}
						{bone revolute "foresight4"
							{limits -15 15}
							{Matrix34
								0.99957	-0.00563564	0.0287905
								-0.0287902	0.000145305	0.999585
								-0.00423744	-0.999991	1.00284e-05
								2.65578	-0.000639915	0.00279808
							}
						}
					}
				}
				{bone "setka_mto"
					{parameters "ID=body;"}
					{Matrix34
						0.00488669	-0.999942	-0.00959895
						0.999988	0.00488647	4.69083e-05
						0	-0.00959906	0.999954
						-21.3586	42.9632	10.7253
					}
					{VolumeView "setka_mto.ply"}
				}
				{bone "vodomet_sh_r"
					{parameters "ID=body;"}
					{Matrix34
						1	0	0
						0	0.997341	-0.0728748
						0	0.0728747	0.997341
						-16.5162	58.219	-7.47735
					}
					{VolumeView "vodomet_sh_r.ply"}
				}
				{bone "vodomet_sh_l"
					{parameters "ID=body;"}
					{Matrix34
						0.00486449	-0.99637	0.0849922
						0.999988	0.00488616	4.69163e-05
						-0.000462031	0.084991	0.996382
						16.054	58.3767	-7.49095
					}
					{VolumeView "vodomet_sh_l.ply"}
				}
				{bone "desant_cover"
					{parameters "ID=body;"}
					{Matrix34
						0.00488669	-0.999942	-0.00959888
						0	-0.00959899	0.999954
						-0.999988	-0.00488647	-4.68907e-05
						0.352262	15.0305	12.3961
					}
					{VolumeView "desant_cover.ply"}
				}
				{bone "vozduhozabornil"
					{parameters "ID=body;"}
					{Matrix34
						0.999575	-0.000279781	0.0291387
						0.000279781	1	0
						-0.0291387	0	0.999575
						-24.0956	22.6673	12.3559
					}
					{VolumeView "vozduhozabornil.ply"}
				}
				{bone "recoil_helper"
					{Matrix34
						0.00488669	-0.999942	-0.00959895
						0.999988	0.00488647	4.69074e-05
						0	-0.00959906	0.999954
						-0.235032	-7.3144	-16.4391
					}
				}
				{bone revolute "wheell11"
					{parameters "ID=trackleft;"}
					{Matrix34
						0	-1	0
						5.22896e-05	0	-1
						1	0	5.22887e-05
						24.3157	8.69322	-3.88976
					}
					{VolumeView "wheell11.ply"}
				}
				{bone revolute "wheell10"
					{parameters "ID=trackleft;"}
					{Matrix34
						0	-1	0
						5.22896e-05	0	-1
						1	0	5.22887e-05
						22.9198	-3.68342	-4.00844
					}
					{VolumeView "wheell10.ply"}
				}
				{bone revolute "wheell9"
					{parameters "ID=trackleft;"}
					{Matrix34
						0	-1	0
						5.22896e-05	0	-1
						1	0	5.22887e-05
						24.4459	-19.3923	-4.1594
					}
					{VolumeView "wheell9.ply"}
				}
				{bone revolute "wheell1"
					{parameters "ID=trackleft;"}
					{Matrix34
						0	-1	0
						0	0	-1
						1	0	0
						26.333	-42.8112	-6.2383
					}
					{VolumeView "wheell1.ply"}
				}
				{bone revolute "wheell8"
					{parameters "ID=trackleft;"}
					{Matrix34
						0	-1	0
						0	0	-1
						1	0	0
						22.8041	24.2944	-3.73974
					}
					{VolumeView "wheell8.ply"}
				}
				{bone revolute "wheell7"
					{parameters "ID=trackleft;"}
					{Matrix34
						0	-1	0
						0	0	-1
						1	0	0
						24.6426	50.6919	-7.547
					}
					{VolumeView "wheell7.ply"}
				}
				{bone revolute "wheelr7"
					{parameters "ID=trackright;"}
					{Matrix34
						0	-1	0
						0	0	-1
						1	0	0
						-25.603	50.4423	-7.54945
					}
					{VolumeView "wheelr7.ply"}
				}
				{bone revolute "wheelr8"
					{parameters "ID=trackright;"}
					{Matrix34
						0	-1	0
						0	0	-1
						1	0	0
						-23.8193	24.0609	-3.74204
					}
					{VolumeView "wheelr8.ply"}
				}
				{bone revolute "wheelr11"
					{parameters "ID=trackright;"}
					{Matrix34
						0	-1	0
						5.22896e-05	0	-1
						1	0	5.22887e-05
						-25.7767	8.42313	-3.89209
					}
					{VolumeView "wheelr11.ply"}
				}
				{bone revolute "wheelr10"
					{parameters "ID=trackright;"}
					{Matrix34
						0	-1	0
						5.22896e-05	0	-1
						1	0	5.22887e-05
						-23.6259	-3.92204	-4.01065
					}
					{VolumeView "wheelr10.ply"}
				}
				{bone revolute "wheelr9"
					{parameters "ID=trackright;"}
					{Matrix34
						0	-1	0
						5.22893e-05	0	-1
						1	0	5.2289e-05
						-25.5791	-19.6621	-4.16162
					}
					{VolumeView "wheelr9.ply"}
				}
				{bone revolute "wheelr1"
					{parameters "ID=trackright;"}
					{Matrix34
						0	-1	0
						0	0	-1
						1	0	0
						-25.4067	-43.0639	-6.2406
					}
					{VolumeView "wheelr1.ply"}
				}
				{bone "volnorez2"
					{parameters "ID=body;"}
					{Position 0.30454	-54.461	5.77601}
					{VolumeView "volnorez2.ply"}
				}
				{bone "volnorez"
					{parameters "ID=body;"}
					{Matrix34
						1	0	0
						0	0.991299	0.131627
						0	-0.131627	0.9913
						0.381551	-58.3674	4.3178
					}
					{VolumeView "volnorez.ply"}
				}
				{bone "detail_tros"
					{Matrix34
						0.0048867	-0.999942	-0.00959895
						0.999988	0.00488647	4.69025e-05
						0	-0.00959906	0.999954
						30.2254	-35.1385	7.34775
					}
					{VolumeView "detail_tros.ply"}
				}
				{bone "tactical_decal1"
					{Matrix34
						-0.00488734	0.999977	0.00472415
						-2.26752e-05	-0.00472433	0.999989
						0.999988	0.00488718	4.57638e-05
						28.9295	-17.077	5.45655
					}
					{VolumeView "tactical_decal1.ply"}
				}
				{bone "enumerator2"
					{Matrix34
						0.00488637	-0.999942	-0.00959915
						0.999988	0.00488614	4.70514e-05
						0	-0.00959927	0.999954
						28.9102	-8.87573	3.45236
					}
					{VolumeView "enumerator2.ply"}
				}
				{bone "tactical_decal2"
					{Matrix34
						0.00488597	-0.999891	-0.0139288
						0.000114628	-0.0139283	0.999903
						-0.999988	-0.0048871	4.65627e-05
						-28.0482	-17.5051	5.60505
					}
					{VolumeView "tactical_decal2.ply"}
				}
				{bone "enumerator1"
					{Matrix34
						0.00496306	-0.999956	0.00794625
						0.999988	0.00496403	0.000102993
						-0.000142435	0.00794568	0.999968
						-28.108	-5.61706	3.73583
					}
					{VolumeView "enumerator1.ply"}
				}
				{bone "enumerator3"
					{Matrix34
						-0.99962	-0.0048089	0.0271408
						0.00481344	-0.999988	0.000102092
						0.02714	0.000232701	0.999632
						23.4521	59.3029	4.4677
					}
					{VolumeView "enumerator3.ply"}
				}
				{bone "tactical_decal3"
					{Matrix34
						-0.999977	-0.00488739	0.00472415
						0.00472717	-0.000602975	0.999989
						-0.00488448	0.999988	0.000626069
						-18.3969	59.022	6.02988
					}
					{VolumeView "tactical_decal3.ply"}
				}
			}
		}
		{bone revolute "node1"
			{Matrix34
				-1	0	0
				0	-1	0
				0	0	1
				-72.9101	1.37488	0
			}
		}
		{bone revolute "emit6"
			{Position -72.9101	1.37488	0}
		}
	}
}
{Volume "additional_triplex"
	{Box 6.22545 5.04584 12.0367}
	{Bone "turret"}
	{Matrix34
		0.999942	0.00488673	-0.00959895
		-0.0048865	0.999988	4.69065e-05
		0.00959906	0	0.999954
		4.00364	10.7295	-0.230776
	}
}
{Volume "ammo_storage_autocannon1"
	{Box 6.09282 13.8531 8.50417}
	{Bone "turret_systems_helper"}
	{Matrix34
		0.495556	0.700141	0.514031
		0.494778	-0.71395	0.49545
		0.713876	0.00880698	-0.700217
		-15.5283	1.93179	8.30333
	}
}
{Volume "ammo_storage_autocannon"
	{Box 6.09282 13.8531 8.49216}
	{Bone "turret_systems_helper"}
	{Matrix34
		0.536085	-0.650212	0.538365
		-0.450548	-0.759701	-0.468894
		0.713876	0.0088072	-0.700217
		-15.5967	15.6403	8.7956
	}
}
{Volume "ammo_storage_main"
	{Cylinder 15.3448 3.39628}
	{Bone "turret_systems_helper"}
	{Matrix34
		0.700279	0.00342159	0.713862
		0.00491968	-0.999988	-3.30601e-05
		0.713853	0.00353512	-0.700287
		-15.2153	8.40681	18.3698
	}
}
{Volume "ammo_storage_mgun1"
	{Box 4.06746 9.65608 10.169}
	{Bone "body_systems"}
	{Matrix34
		0.999942	0.0048872	-0.00959897
		-0.00488698	0.999989	4.69066e-05
		0.00959905	0	0.999954
		44.7008	-13.5418	5.55592
	}
}
{Volume "ammo_storage_mgun2"
	{Box 4.06746 9.65608 10.169}
	{Bone "body_systems"}
	{Matrix34
		0.999942	0.0048872	-0.00959897
		-0.00488698	0.999989	4.69066e-05
		0.00959905	0	0.999954
		44.5528	16.7323	5.55734
	}
}
{Volume "ammo_storage_mgun"
	{Box 10.1445 13.0689 4.39735}
	{Bone "turret_systems_helper"}
	{Matrix34
		0.700279	0.00342159	0.713862
		0.00491968	-0.999988	-3.30601e-05
		0.713853	0.00353512	-0.700287
		-6.13061	8.35751	21.4136
	}
}
{Volume "autoloader2"
	{Cylinder 15.1373 4.1418}
	{Bone "turret_systems_helper"}
	{Matrix34
		0.700279	0.00342159	0.713862
		0.00491968	-0.999988	-3.30601e-05
		0.713853	0.00353512	-0.700287
		-15.2254	8.39757	18.3693
	}
}
{Volume "autoloader"
	{Box 2.61891 6.45375 25.049}
	{Bone "turret_systems_helper"}
	{Matrix34
		0.700279	0.00342159	0.713862
		0.00491968	-0.999988	-3.30601e-05
		0.713853	0.00353512	-0.700287
		-14.6801	7.3942	0.129037
	}
}
{Volume "body1"
	{Polyhedron "body1.vol"}
	{Bone "body"}
	{Matrix34
		-0.999988	-0.00488628	-4.69071e-05
		0	-0.00959901	0.999954
		-0.0048865	0.999942	0.0095989
		0.205538	5.99116	-6.57052
	}
}
{Volume "body"
	{Polyhedron "body.vol"}
	{Bone "body"}
	{Matrix34
		0.00488669	-0.999942	-0.00959888
		0	-0.00959899	0.999954
		-0.999988	-0.00488647	-4.68907e-05
		2.36533	1.59681	6.65919
	}
}
{Volume "commander_place"
	{Box 8.46561 29.1005 9.90476}
	{Bone "turret_systems_helper"}
	{Matrix34
		0.700278	0.0034216	0.713862
		0.713853	0.00353576	-0.700287
		-0.00492013	0.999988	3.35128e-05
		-9.64545	18.2147	3.99067
	}
}
{Volume "commander_triplex"
	{Box 4.30938 4.65688 13.016}
	{Bone "cw_panorama"}
	{Position -0.0358561	-0.088666	-1.9384}
}
{Volume "driver_panel"
	{Box 1.15741 6.64682 9.71428}
	{Bone "body_systems"}
	{Matrix34
		-0.973371	-0.0047669	0.229188
		0.229185	0.00105865	0.973383
		-0.00488264	0.999989	6.20367e-05
		46.2082	1.4205	7.29771
	}
}
{Volume "driver_place"
	{Box 14.217 10.008 21.6809}
	{Bone "body_systems"}
	{Matrix34
		0.999942	0.00488721	-0.00959898
		-0.00488698	0.999988	4.69066e-05
		0.00959905	0	0.999954
		39.7073	1.25088	4.08994
	}
}
{Volume "driver_triplex"
	{Polyhedron "driver_triplex.vol"}
	{Bone "body_systems"}
	{Matrix34
		0.999942	0.0048872	-0.00959896
		0.00959899	1.49227e-05	0.999954
		0.00488713	-0.999988	-3.19903e-05
		47.6248	0.867304	13.6439
	}
}
{Volume "engine"
	{Polyhedron "engine.vol"}
	{Bone "body_systems"}
	{Matrix34
		1	0	0
		0	0	1
		0	-1	0
		-39.6232	18.3293	-0.186674
	}
}
{Volume "front_wheels"
	{Box 5.79902 39.5643 6.14884}
	{Bone "body_systems"}
	{Matrix34
		0.999942	0.0048872	-0.00959897
		-0.00488698	0.999989	4.69066e-05
		0.00959905	0	0.999954
		50.6111	1.06124	-1.45053
	}
}
{Volume "fuel_tank_internal_a1"
	{Polyhedron "fuel_tank_internal_a1.vol"}
	{Bone "body_systems"}
	{Matrix34
		0.999942	0.0048872	-0.00959896
		-0.00488698	0.999988	4.69067e-05
		0.00959906	0	0.999954
		-35.4177	21.6005	5.90314
	}
}
{Volume "fuel_tank_internal_a"
	{Polyhedron "fuel_tank_internal_a.vol"}
	{Bone "body_systems"}
	{Position -37.5152	3.43008	2.9939}
}
{Volume "fuel_tank_internal_b"
	{Polyhedron "fuel_tank_internal_b.vol"}
	{Bone "body_systems"}
	{Position -45.4502	-9.73392	-1.21476}
}
{Volume "gun1"
	{Cylinder 1.29273 51.3219}
	{Bone "gun1"}
	{Matrix34
		-0.00488641	2.10402e-05	0.999988
		-0.00436343	-0.999991	0
		0.999979	-0.00436339	0.00488644
		-8.53995	0.0201115	1.46433
	}
}
{Volume "gun2"
	{Box 1.35536 1.39591 60.9445}
	{Bone "gun2"}
	{Matrix34
		1	0	0
		0	1	1.55625e-05
		0	-1.55717e-05	1
		0.0446378	0.0101761	-16.7105
	}
}
{Volume "gunner1_place"
	{Box 14.217 10.008 21.6809}
	{Bone "body_systems"}
	{Matrix34
		0.999942	0.00488721	-0.00959898
		-0.00488698	0.999988	4.69066e-05
		0.00959905	0	0.999954
		34.3474	-13.5906	2.48006
	}
}
{Volume "gunner2_place"
	{Box 14.217 10.008 21.6809}
	{Bone "body_systems"}
	{Matrix34
		0.999942	0.00488721	-0.00959898
		-0.00488698	0.999988	4.69066e-05
		0.00959905	0	0.999954
		34.1295	16.3089	2.48215
	}
}
{Volume "gunner_place"
	{Box 8.46561 29.1005 9.90476}
	{Bone "turret_systems_helper"}
	{Matrix34
		0.700278	0.0034216	0.713862
		0.713853	0.00353576	-0.700287
		-0.00492013	0.999988	3.35128e-05
		-9.50057	-1.18934	3.42407
	}
}
{Volume "mgun1"
	{Box 0.960032 0.776814 12.9512}
	{Bone "mgun"}
	{Matrix34
		0	1	-9.08972e-05
		-0.0191937	9.09183e-05	0.999816
		0.999816	0	0.0191938
		-4.38995	0.0229677	-0.1639
	}
}
{Volume "mgun2"
	{Box 0.960032 0.776814 12.9512}
	{Bone "mgun2"}
	{Matrix34
		0	1	-9.08972e-05
		-0.0191937	9.09183e-05	0.999816
		0.999816	0	0.0191938
		-4.39011	-0.0127493	-0.163823
	}
}
{Volume "mgun"
	{Box 0.966579 0.950195 7.54824}
	{Bone "gun_rot"}
	{Matrix34
		-0.00488641	2.1159e-05	0.999988
		-0.00436345	-0.999991	0
		0.999979	-0.00436337	0.00488644
		2.82688	-0.36071	4.54863
	}
}
{Volume "panel_engine_connectors"
	{Polyhedron "panel_engine_connectors.vol"}
	{Bone "body_systems"}
	{Matrix34
		0.999942	0.0048872	-0.00959896
		-0.00488698	0.999988	4.69067e-05
		0.00959906	0	0.999954
		0.43568	1.43795	-8.43163
	}
}
{Volume "ppu"
	{Box 19.0263 7.95027 8.02369}
	{Bone "body_systems"}
	{Matrix34
		0.999942	0.0048872	-0.00959897
		-0.00488698	0.999989	4.69066e-05
		0.00959905	0	0.999954
		10.3565	24.999	9.70003
	}
}
{Volume "recoil_gun_back"
	{Polyhedron "recoil_gun_back.vol"}
	{Bone "recoil_helper"}
	{Matrix34
		0.707107	0.707107	0
		-0.707106	0.707107	0
		0	0	1
		0.0563583	0.00367737	0
	}
}
{Volume "recoil_gun_front"
	{Polyhedron "recoil_gun_front.vol"}
	{Bone "recoil_helper"}
	{Matrix34
		-0.707107	-0.707107	0
		0.707107	-0.707107	0
		0	0	1
		0.0563583	0.00367737	0
	}
}
{Volume "recoil_gun_left"
	{Polyhedron "recoil_gun_left.vol"}
	{Bone "recoil_helper"}
	{Matrix34
		0.707107	-0.707107	0
		0.707107	0.707107	0
		0	0	1
		0.0563583	0.00367737	0
	}
}
{Volume "recoil_gun_right"
	{Polyhedron "recoil_gun_right.vol"}
	{Bone "recoil_helper"}
	{Matrix34
		-0.707106	0.707107	0
		-0.707107	-0.707107	0
		0	0	1
		0.0563583	0.00367737	0
	}
}
{Volume "seat1_place"
	{Box 14.217 10.008 21.6809}
	{Bone "body_systems"}
	{Matrix34
		0.999942	0.00488721	-0.00959898
		-0.00488698	0.999988	4.69066e-05
		0.00959905	0	0.999954
		-6.8938	-13.801	2.87596
	}
}
{Volume "seat2_place"
	{Box 14.217 10.008 21.6809}
	{Bone "body_systems"}
	{Matrix34
		0.999942	0.00488721	-0.00959898
		-0.00488698	0.999988	4.69066e-05
		0.00959905	0	0.999954
		-8.80006	17.2827	2.89426
	}
}
{Volume "seat3_place"
	{Box 14.217 10.008 21.6809}
	{Bone "body_systems"}
	{Matrix34
		0.999942	0.00488721	-0.00959898
		-0.00488698	0.999988	4.69066e-05
		0.00959905	0	0.999954
		-6.07693	-2.03293	2.86812
	}
}
{Volume "stabilizer"
	{Box 24.9264 4.87679 5.70549}
	{Bone "gun_rot"}
	{Matrix34
		0.999985	-0.004357	-0.00342093
		-0.00436945	-0.999985	-0.00353596
		-0.00340543	0.00355085	-0.999988
		-13.365	0.901716	1.22364
	}
}
{Volume "trackleft"
	{Polyhedron "trackleft.vol"}
	{Bone "wheelsl"}
	{Matrix34
		0.00488656	-0.00959971	0.999942
		-1.2229e-05	0.999954	0.00959989
		0.999988	5.91238e-05	-0.00488621
		6.44084	1.44725	-13.6701
	}
}
{Volume "trackright"
	{Polyhedron "trackright.vol"}
	{Bone "wheelsr"}
	{Matrix34
		0.00488682	-0.00959905	0.999942
		0	0.999954	0.00959914
		-0.999988	-4.24981e-05	0.00488663
		-7.40383	1.44686	-13.6273
	}
}
{Volume "transmission"
	{Box 9.63386 39.5643 10.0323}
	{Bone "body_systems"}
	{Matrix34
		0.999942	0.0048872	-0.00959897
		-0.00488698	0.999989	4.69066e-05
		0.00959905	0	0.999954
		-43.4747	-0.187092	-2.79777
	}
}
{Volume "turret_move_engine"
	{Box 4.63501 5.84122 4.42924}
	{Bone "turret_systems_helper"}
	{Matrix34
		0.700279	0.00342159	0.713862
		0.00491968	-0.999988	-3.30601e-05
		0.713853	0.00353512	-0.700287
		7.77624	-0.406577	7.19775
	}
}
{Volume "turret_ring"
	{Cylinder 21.4927 2.00131}
	{Bone "turret_systems_helper"}
	{Matrix34
		0.700278	-0.00488598	0.713853
		-0.00342171	-0.999988	-0.00348779
		0.713862	0	-0.700287
		-1.11036	8.40253	4.43053
	}
}
{Volume "turret"
	{Polyhedron "turret.vol"}
	{Bone "turret"}
	{Matrix34
		0.999942	0.00488621	-0.00959895
		-0.00488643	0.999988	0
		0.00959883	4.68989e-05	0.999954
		-0.808075	0.0183788	-3.002
	}
}
