;Exported by: Timosh
;Date:        Tue Jun 21 11:09:13 2022
;File:        G:\?????? ? Pheonix\??????????????\??????\?????? ? ???????\???\???????????? ??????????? ???????\cottage1_x 10.max
{Skeleton
	{bone "usa_cottage1st_1c4"
		{Orientation
			1	0	0
			0	-1	0
			0	0	1
		}
		{bone "piece0"
			{Matrix34
				0	-1	0
				1	0	0
				0	0	1
				24.8725	-31.9015	12.3352
			}
			{VolumeView "piece0.ply"}
		}
		{bone "piece1"
			{Matrix34
				0	-1	0
				1	0	0
				0	0	1
				22.3265	20.642	13.9437
			}
			{VolumeView "piece1.ply"}
		}
		{bone "piece2"
			{Matrix34
				0	-1	0
				1	0	0
				0	0	1
				21.1304	-1.96919	14.4274
			}
			{VolumeView "piece2.ply"}
		}
		{bone "piece3"
			{Matrix34
				0	-1	0
				1	0	0
				0	0	1
				21.1169	1.93358	38.5331
			}
			{VolumeView "piece3.ply"}
		}
		{bone "piece4"
			{Matrix34
				0	-1	0
				1	0	0
				0	0	1
				24.8502	-24.6803	36.7331
			}
			{VolumeView "piece4.ply"}
		}
		{bone "piece5"
			{Matrix34
				0.34202	0	0.939693
				0	1	0
				-0.939693	0	0.34202
				24.0978	-42.865	58.2349
			}
			{VolumeView "piece5.ply"}
		}
		{bone "piece6"
			{Matrix34
				0	-1	0
				1	0	0
				0	0	1
				21.0354	26.9005	33.8592
			}
			{VolumeView "piece6.ply"}
		}
		{bone "piece7"
			{Matrix34
				0	-1	0
				1	0	0
				0	0	1
				20.967	46.7674	12.8261
			}
			{VolumeView "piece7.ply"}
		}
		{bone "piece8"
			{Matrix34
				0.422618	0	0.906308
				0	1	0
				-0.906308	0	0.422618
				24.9533	38.6267	57.7937
			}
			{VolumeView "piece8.ply"}
		}
		{bone "piece9"
			{Matrix34
				0.422618	0	0.906308
				0	1	0
				-0.906308	0	0.422618
				-5.59848	38.6284	74.6027
			}
			{VolumeView "piece9.ply"}
		}
		{bone "piece10"
			{Matrix34
				0.422618	0	0.906308
				0	1	0
				-0.906308	0	0.422618
				-11.2195	-22.8375	77.4894
			}
			{VolumeView "piece10.ply"}
		}
		{bone "piece11"
			{Matrix34
				0.5	0	-0.866025
				0	1	0
				0.866025	0	0.5
				-42.9036	-22.2104	85.6628
			}
			{VolumeView "piece11.ply"}
		}
		{bone "fx_wood1"
			{Position -17.7715	38.1534	32.6334}
		}
	}
}
{Volume "piece0"
	{Box 4.80956 22.3436 21.4449}
	{Bone "piece0"}
	{Matrix34
		0	1	0
		-1	0	0
		0	0	1
		1.52588e-05	0	0
	}
}
{Volume "piece10"
	{Box 9.74045 64.4288 56.1963}
	{Bone "piece10"}
	{Matrix34
		0.996195	0	-0.0871557
		0	1	0
		0.0871557	0	0.996195
		0	0	0
	}
}
{Volume "piece11"
	{Box 10.9558 22.8476 19.2773}
	{Bone "piece11"}
	{Position 0	0	0}
}
{Volume "piece1"
	{Box 9.56659 23.4484 23.1997}
	{Bone "piece1"}
	{Matrix34
		0	1	0
		-1	0	0
		0	0	1
		0	0	0
	}
}
{Volume "piece2"
	{Box 12.1075 23.4484 20.5774}
	{Bone "piece2"}
	{Matrix34
		0	1	0
		-1	0	0
		0	0	1
		0	0	0
	}
}
{Volume "piece3"
	{Box 12.1091 23.4484 23.7096}
	{Bone "piece3"}
	{Matrix34
		0	1	0
		-1	0	0
		0	0	1
		0	0	0
	}
}
{Volume "piece4"
	{Box 4.82854 24.8601 29.4698}
	{Bone "piece4"}
	{Matrix34
		0	1	0
		-1	0	0
		0	0	1
		0	0	0
	}
}
{Volume "piece5"
	{Box 8.219 27.1419 21.9905}
	{Bone "piece5"}
	{Matrix34
		0.996195	0	-0.0871557
		0	1	0
		0.0871557	0	0.996195
		0	0	0
	}
}
{Volume "piece6"
	{Box 12.1083 23.5597 26.1359}
	{Bone "piece6"}
	{Matrix34
		0	1	0
		-1	0	0
		0	0	1
		0	0	0
	}
}
{Volume "piece7"
	{Box 12.1077 21.6274 22.1641}
	{Bone "piece7"}
	{Matrix34
		0	1	0
		-1	0	0
		0	0	1
		0	0	0
	}
}
{Volume "piece8"
	{Box 8.0314 32.3645 19.5765}
	{Bone "piece8"}
	{Matrix34
		0.996195	0	-0.0871557
		0	1	0
		0.0871557	0	0.996195
		0	0	0
	}
}
{Volume "piece9"
	{Box 10.0565 52.1454 58.6148}
	{Bone "piece9"}
	{Matrix34
		0.996195	0	-0.0871557
		0	1	0
		0.0871557	0	0.996195
		0	0	0
	}
}
