;Exported by: Timosh
;Date:        Thu Nov 10 19:37:18 2022
;File:        G:\?????? ? Pheonix\??????????????\??????\?????????\????-?\2A65_msta_b_modell 2022_____X.max
{Skeleton
	{bone revolute "basis"
		{parameters "Wheelradius=0.5;"}
		{Orientation
			1	0	0
			0	-1	0
			0	0	1
		}
		{bone "body"
			{parameters "ID=Body;"}
			{Matrix34
				0.999987	0	0.00513837
				-0.00513837	0	0.999987
				0	-1	0
				0.894747	-0.051833	11.8405
			}
			{VolumeView "body.ply"}
			{bone revolute "turret"
				{parameters "ID=Turret;"}
				{limits -20 20}
				{Matrix34
					0.999971	-0.00756998	0
					0	0	-1
					0.00756998	0.999971	0
					-5.86426	12.3812	0.126651
				}
				{VolumeView "turret.ply"}
				{bone revolute "gun_rot"
					{parameters "ID=Gun_rot;"}
					{limits -5 45}
					{Matrix34
						0.999993	0	0.00364954
						-0.00364928	0.0120114	0.999921
						-4.38362e-05	-0.999928	0.0120114
						-6.82164	0.231649	1.08007
					}
					{VolumeView "gun_rot.ply"}
					{bone "gun"
						{parameters "ID=Gun;"}
						{Matrix34
							-1	0.000143586	0
							-0.000162645	0.999579	-0.0290259
							0	-0.0290259	-0.999579
							53.8523	-0.491005	-0.502159
						}
						{VolumeView "gun.ply"}
					}
				}
			}
			{bone "standr"
				{parameters "ID=standr;"}
				{Matrix34
					0.906124	0.00753281	-0.422946
					-0.0101866	0.99994	-0.00401452
					0.42289	0.00794601	0.906146
					-6.54494	0.63548	8.23011
				}
				{VolumeView "standr.ply"}
			}
			{bone "standl"
				{parameters "ID=standl;"}
				{Matrix34
					0.906318	0.0189535	0.422171
					-0.014378	0.999798	-0.0140194
					-0.422352	0.00663603	0.906408
					-6.46512	0.63507	-9.04394
				}
				{VolumeView "standl.ply"}
			}
			{bone "stand"
				{parameters "ID=stand;"}
				{Matrix34
					0.999987	-0.00513837	0
					0	0	-1
					0.00513837	0.999987	0
					6.62704	2.58391	0
				}
				{VolumeView "stand.ply"}
			}
			{bone revolute "wheelr1"
				{parameters "ID=wheelright;Support=1;Radius=0.5;"}
				{Matrix34
					0.42727	0.904124	0
					0.904124	-0.42727	0
					0	0	-1
					-0.909022	-2.00475	18.6323
				}
				{VolumeView "wheelr1.ply"}
			}
			{bone revolute "wheell1"
				{parameters "ID=wheelleft;Support=1;Radius=0.5;"}
				{Matrix34
					0.0296027	0.999562	0
					0.999562	-0.0296024	0
					0	0	-1
					-0.909154	-2.00455	-18.6782
				}
				{VolumeView "wheell1.ply"}
			}
		}
	}
}
