;Exported by: Timosh
;Date:        Tue Jun 21 11:09:15 2022
;File:        G:\?????? ? Pheonix\??????????????\??????\?????? ? ???????\???\???????????? ??????????? ???????\cottage1_x 10.max
{Skeleton
	{bone "usa_cottage1st_1c1"
		{Orientation
			1	0	0
			0	-1	0
			0	0	1
		}
		{bone "piece0"
			{Matrix34
				0	-1	0
				1	0	0
				0	0	1
				32.2705	20.276	14.0868
			}
			{VolumeView "piece0.ply"}
		}
		{bone "piece1"
			{Matrix34
				0	-1	0
				1	0	0
				0	0	1
				46.2585	23.0673	43.1264
			}
			{VolumeView "piece1.ply"}
		}
		{bone "piece2"
			{Matrix34
				0	-1	0
				1	0	0
				0	0	1
				20.066	20.8112	33.5242
			}
			{VolumeView "piece2.ply"}
		}
		{bone "piece3"
			{Matrix34
				0	-1	0
				1	0	0
				0	0	1
				11.1883	22.9383	60.3404
			}
			{VolumeView "piece3.ply"}
		}
		{bone "piece4"
			{Matrix34
				0.34202	0	-0.939693
				0	1	0
				0.939693	0	0.34202
				22.1999	19.5904	82.7813
			}
			{VolumeView "piece4.ply"}
		}
		{bone "piece5"
			{Matrix34
				0.34202	0	-0.939693
				0	1	0
				0.939693	0	0.34202
				-3.42488	7.72179	69.7916
			}
			{VolumeView "piece5.ply"}
		}
		{bone "piece6"
			{Matrix34
				0	-1	0
				1	0	0
				0	0	1
				-17.6339	20.0911	51.3906
			}
			{VolumeView "piece6.ply"}
		}
		{bone "piece7"
			{Matrix34
				0.34202	0	-0.939693
				0	1	0
				0.939693	0	0.34202
				-23.4801	-14.9179	65.0497
			}
			{VolumeView "piece7.ply"}
		}
		{bone "piece8"
			{Matrix34
				0.34202	0	-0.939693
				0	1	0
				0.939693	0	0.34202
				17.253	-26.5905	80.2693
			}
			{VolumeView "piece8.ply"}
		}
		{bone "piece9"
			{Matrix34
				0.34202	0	-0.939693
				0	1	0
				0.939693	0	0.34202
				-60.3541	-23.8316	58.6297
			}
			{VolumeView "piece9.ply"}
		}
		{bone "piece10"
			{Matrix34
				0	-1	0
				1	0	0
				0	0	1
				-24.8106	-6.36065	47.7323
			}
			{VolumeView "piece10.ply"}
		}
		{bone "piece11"
			{Matrix34
				0	-1	0
				1	0	0
				0	0	1
				-24.7829	-14.865	14.6541
			}
			{VolumeView "piece11.ply"}
		}
		{bone "piece12"
			{Matrix34
				0	-1	0
				1	0	0
				0	0	1
				-22.4962	18.4874	28.0491
			}
			{VolumeView "piece12.ply"}
		}
		{bone "piece13"
			{Matrix34
				0	-1	0
				1	0	0
				0	0	1
				-14.213	20.9383	15.3639
			}
			{VolumeView "piece13.ply"}
		}
		{bone "fx_wood1"
			{Position 31.6758	-9.07262	32.6334}
		}
	}
}
{Volume "piece10"
	{Box 4.8252 24.6705 16.6557}
	{Bone "piece10"}
	{Matrix34
		0	1	0
		-1	0	0
		0	0	1
		-2.28882e-05	0	-1.33514e-05
	}
}
{Volume "piece11"
	{Box 4.80836 19.3081 23.4484}
	{Bone "piece11"}
	{Orientation
		0	1	0
		-1	0	0
		0	0	1
	}
}
{Volume "piece12"
	{Box 9.58054 13.4458 19.847}
	{Bone "piece12"}
	{Matrix34
		0	1	0
		-1	0	0
		0	0	1
		-2.28882e-05	0	0
	}
}
{Volume "piece13"
	{Box 23.4484 8.64658 24.1612}
	{Bone "piece13"}
	{Matrix34
		0	1	0
		-1	0	0
		0	0	1
		-3.05176e-05	0	0
	}
}
{Volume "piece1"
	{Box 23.4484 4.87817 27.2399}
	{Bone "piece1"}
	{Matrix34
		0	1	0
		-1	0	0
		0	0	1
		0	0	0
	}
}
{Volume "piece2"
	{Box 21.8149 9.17515 30.6869}
	{Bone "piece2"}
	{Matrix34
		0	1	0
		-1	0	0
		0	0	1
		0	0	0
	}
}
{Volume "piece3"
	{Box 23.4484 4.87588 24.8703}
	{Bone "piece3"}
	{Orientation
		0	1	0
		-1	0	0
		0	0	1
	}
}
{Volume "piece4"
	{Box 5.95615 24.6759 24.4285}
	{Bone "piece4"}
	{Position -0.0131378	0	-0.0268154}
}
{Volume "piece5"
	{Box 5.83985 24.8642 24.298}
	{Bone "piece5"}
	{Position -0.0099411	0	-0.0143757}
}
{Volume "piece6"
	{Box 19.3049 10.3292 25.0182}
	{Bone "piece6"}
	{Matrix34
		0	1	0
		-1	0	0
		0	0	1
		-1.52588e-05	0	0
	}
}
{Volume "piece7"
	{Box 11.9355 24.1599 24.3568}
	{Bone "piece7"}
	{Position -0.5298	0	0.520706}
}
{Volume "piece8"
	{Box 5.89174 24.6245 24.1045}
	{Bone "piece8"}
	{Position 0.0574493	0	0.36635}
}
{Volume "piece9"
	{Box 9.24 31.836 30.738}
	{Bone "piece9"}
	{Position 1.67459	0	-0.892799}
}
