;Exported by: Timosh
;Date:        Mon Jun 27 19:54:58 2022
;File:        G:\?????? ? Pheonix\??????????????\??????\?????? ? ???????\???\???????????? ??????????? ??????? 2\usa_cottage_1st_2 x 7.max
{Skeleton
	{bone "r2"
		{Orientation
			1	0	0
			0	-1	0
			0	0	1
		}
		{bone "piece1"
			{Position 45.1237	-51.5389	93.1607}
			{VolumeView "piece1.ply"}
		}
		{bone "piece2"
			{Position 43.6614	-24.6562	88.4254}
			{VolumeView "piece2.ply"}
		}
		{bone "piece3"
			{Position 20.9343	2.48693	88.4938}
			{VolumeView "piece3.ply"}
		}
		{bone "piece4"
			{Position -47.6867	-9.36248	74.537}
			{VolumeView "piece4.ply"}
		}
	}
}
{Volume "piece1"
	{Box 34.5998 6.11765 24.9978}
	{Bone "piece1"}
	{Matrix34
		1	0	0
		0	0.5	-0.866026
		0	0.866026	0.5
		-1.33514e-05	0	-1.43051e-05
	}
}
{Volume "piece2"
	{Box 30.6857 1.927 23.5485}
	{Bone "piece2"}
	{Matrix34
		1	0	0
		0	0.573576	0.819152
		0	-0.819152	0.573576
		0	1.81198e-05	-2.00272e-05
	}
}
{Volume "piece3"
	{Box 15.8619 55.2995 67.2017}
	{Bone "piece3"}
	{Matrix34
		0.5	0	0.866026
		0	1	0
		-0.866026	0	0.5
		0	1.19737e-05	-2.09808e-05
	}
}
{Volume "piece4"
	{Box 7.79599 55.1487 58.741}
	{Bone "piece4"}
	{Matrix34
		0.5	0	-0.866025
		0	1	0
		0.866025	0	0.5
		0	0	0
	}
}
