;Exported by: Timosh
;Date:        Mon Feb 13 16:44:09 2023
;File:        G:\?????? ? Pheonix\??????????????\??????\??????????\????-255 ???\kraz255_pmp 3.max
{Skeleton
	{animation
		{sequence "start" {speed 0.6} {resume}}
		{sequence "drift" {speed 0.1}}
	}
	{bone "basis"
		{Orientation
			1	0	0
			0	-1	0
			0	0	1
		}
		{bone "piece1"
			{Matrix34
				0.999998	0	0.00213289
				0	1	0
				-0.00213289	0	0.999998
				0.595552	0.0667515	37.2922
			}
			{VolumeView "piece1.ply"}
			{bone "piece3"
				{Position -0.0624214	13.6414	-38.2119}
				{VolumeView "piece3.ply"}
			}
			{bone "piece2"
				{Position 0.00474149	-0.84224	-0.13168}
				{VolumeView "piece2.ply"}
				{bone "piece4"
					{Position 0.0550548	-13.081	-37.1682}
					{VolumeView "piece4.ply"}
				}
				{bone "kruk2"
					{Position -62.8402	-2.33876	-34.7693}
					{VolumeView "kruk2.ply"}
				}
				{bone "kruk1"
					{Position 62.818	-2.318	-34.7693}
					{VolumeView "kruk1.ply"}
				}
			}
			{bone "kruk3"
				{Position -62.8296	2.02895	-34.6732}
				{VolumeView "kruk3.ply"}
			}
			{bone "kruk4"
				{Position 62.8288	2.05905	-34.6744}
				{VolumeView "kruk4.ply"}
			}
			{bone "link1"
				{Matrix34
					0	0	1
					0.999995	-0.00303809	0
					0.00303809	0.999995	0
					64.0907	4.30825	0.0667496
				}
			}
			{bone "link2"
				{Matrix34
					0	0	1
					0.999995	-0.00303809	0
					0.00303809	0.999995	0
					-63.7879	4.581	0.0667496
				}
			}
		}
		{bone "holder"
			{animation
				{sequence "start" {speed 0.6} {resume}}
				{sequence "drift" {speed 0.1}}
			}
			{Position 0	0	3.93903}
			{bone "fx_bulb_medium_center2"
				{Matrix34
					-1	0	0
					0	-0.999991	-0.0043288
					0	-0.0043288	0.999991
					-63.3011	0.250963	-3.93973
				}
			}
			{bone "fx_bulb_medium_center1"
				{Matrix34
					1	0	0
					0	0.99999	-0.0044875
					0	0.0044875	0.99999
					64.7206	0.249762	-3.93972
				}
			}
			{bone "fx_bulb_medium_center4"
				{Matrix34
					0	1	0
					-0.999991	0	-0.0043288
					-0.0043288	0	0.999991
					-2.76453	66.7511	-4.22762
				}
			}
			{bone "fx_bulb_medium_center3"
				{Matrix34
					0	-1	0
					0.999991	0	-0.00432871
					0.00432872	0	0.999991
					-2.76576	-65.7581	-3.65397
				}
			}
			{bone "plane1"
				{parameters "Land;CommonMesh;Ground;"}
				{Matrix34
					1	0	0
					0	1	-6.00815e-05
					0	6.00815e-05	1
					3.75658	0.896726	5.49529
				}
				{visibility 0}
				{VolumeView "plane1.ply" {Ground}}
			}
		}
	}
}
{Obstacle "rectangle1"
	{Obb2
		{Center 0 68.6485}
		{Extent 62.8191 8.65045}
		{Axis -1 0}
	}
	{Rotate}
}
{Obstacle "rectangle2"
	{Obb2
		{Center 0 -68.3413}
		{Extent 62.8191 8.65045}
		{Axis -1 0}
	}
	{Rotate}
}
{Volume "blast"
	{Box 121.402 145.361 4.81033}
	{Bone "holder"}
	{Position 0	0	6.93432}
}
{Volume "float1"
	{Box 9.84252 9.84252 9.84252}
	{Bone "piece1"}
	{Matrix34
		0.999998	-0.00213289	0
		0	0	-1
		0.00213289	0.999998	0
		56.4123	9.24658	-32.0965
	}
}
{Volume "float2"
	{Box 9.84252 9.84252 9.84252}
	{Bone "piece2"}
	{Matrix34
		0.999998	0.00213337	0
		0	0	1
		0.00213337	-0.999998	0
		56.4063	-9.5006	-5.64033
	}
}
{Volume "float3"
	{Box 9.84252 9.84252 9.84252}
	{Bone "piece3"}
	{Matrix34
		0.999998	0.00213089	-9.43702e-05
		0	0.0440907	0.999028
		0.00213298	-0.999026	0.0440906
		56.484	0.130731	31.4959
	}
}
{Volume "float4"
	{Box 9.84252 9.84252 9.84252}
	{Bone "piece4"}
	{Matrix34
		0.999998	-0.00212431	-0.00020095
		0	0.0941725	-0.995556
		0.00213379	0.995554	0.0941723
		56.3504	-4.48725	5.47295
	}
}
{Volume "floata1"
	{Box 9.84252 9.84252 9.84252}
	{Bone "piece1"}
	{Matrix34
		0.999998	-0.00213289	0
		0	0	-1
		0.00213289	0.999998	0
		-58.8005	9.49231	-30.4026
	}
}
{Volume "floata2"
	{Box 9.84252 9.84252 9.84252}
	{Bone "piece2"}
	{Matrix34
		0.999998	0.00213337	0
		0	0	1
		0.00213337	-0.999998	0
		-58.8065	-9.74638	-7.33424
	}
}
{Volume "floata3"
	{Box 9.84252 9.84252 9.84252}
	{Bone "piece3"}
	{Matrix34
		0.999998	0.00213089	-9.43702e-05
		0	0.0440907	0.999028
		0.00213298	-0.999026	0.0440906
		-58.7288	-0.189475	29.8145
	}
}
{Volume "floata4"
	{Box 9.84252 9.84252 9.84252}
	{Bone "piece4"}
	{Matrix34
		0.999998	-0.00212431	-0.00020095
		0	0.0941725	-0.995556
		0.00213379	0.995554	0.0941723
		-58.8624	-4.40201	7.18252
	}
}
{Volume "floatb1"
	{Box 9.84252 9.84252 9.84252}
	{Bone "piece1"}
	{Matrix34
		0.999998	-0.00213289	0
		0	0	-1
		0.00213289	0.999998	0
		56.4123	9.24658	-7.66723
	}
}
{Volume "floatb2"
	{Box 9.84252 9.84252 9.84252}
	{Bone "piece2"}
	{Matrix34
		0.999998	0.00213337	0
		0	0	1
		0.00213337	-0.999998	0
		56.4063	-9.50061	-30.0696
	}
}
{Volume "floatb3"
	{Box 9.84252 9.84252 9.84252}
	{Bone "piece3"}
	{Matrix34
		0.999998	0.00213089	-9.43702e-05
		0	0.0440907	0.999028
		0.00213298	-0.999026	0.0440906
		56.4719	4.73106	6.83977
	}
}
{Volume "floatb4"
	{Box 9.84252 9.84252 9.84252}
	{Bone "piece4"}
	{Matrix34
		0.999998	-0.00212431	-0.00020095
		0	0.0941725	-0.995556
		0.00213379	0.995554	0.0941723
		56.3625	-1.13011	30.3289
	}
}
{Volume "floatc1"
	{Box 9.84252 9.84252 9.84252}
	{Bone "piece1"}
	{Matrix34
		0.999998	-0.00213289	0
		0	0	-1
		0.00213289	0.999998	0
		-58.8005	9.49231	-5.97331
	}
}
{Volume "floatc2"
	{Box 9.84252 9.84252 9.84252}
	{Bone "piece2"}
	{Matrix34
		0.999998	0.00213337	0
		0	0	1
		0.00213337	-0.999998	0
		-58.8065	-9.74638	-31.7635
	}
}
{Volume "floatc3"
	{Box 9.84252 9.84252 9.84252}
	{Bone "piece3"}
	{Matrix34
		0.999998	0.00213089	-9.43702e-05
		0	0.0440907	0.999028
		0.00213298	-0.999026	0.0440906
		-58.7409	4.41085	5.15835
	}
}
{Volume "floatc4"
	{Box 9.84252 9.84252 9.84252}
	{Bone "piece4"}
	{Matrix34
		0.999998	-0.00212431	-0.00020095
		0	0.0941725	-0.995556
		0.00213379	0.995554	0.0941723
		-58.8502	-1.04488	32.0384
	}
}
{Volume "piece1"
	{Box 127.303 37.7165 12.874}
	{Bone "piece1"}
	{Matrix34
		1	0	0
		0	0	-1
		0	1	0
		-0.0474739	6.49064	-18.5159
	}
}
{Volume "piece2"
	{Box 127.303 37.7165 12.874}
	{Bone "piece2"}
	{Matrix34
		1	0	0
		0	0	1
		0	-1	0
		-0.0522285	-6.62231	-18.5946
	}
}
{Volume "piece3"
	{Polyhedron "piece3.vol"}
	{Bone "piece3"}
	{Matrix34
		1	0	0
		0	0	1
		0	-1	0
		0.0149307	7.15076	17.8432
	}
}
{Volume "piece4"
	{Polyhedron "piece4.vol"}
	{Bone "piece4"}
	{Matrix34
		1	0	0
		0	0	-1
		0	1	0
		-0.107269	-7.09355	17.5659
	}
}
